  1.1400000e+002  8.1000000e+001  6.7300000e+002  1.0000000e+000
  1.5200000e+002  8.2000000e+001  6.8000000e+002  1.0000000e+000
  1.3300000e+002  7.5000000e+001  6.5300000e+002  0.0000000e+000
  1.3300000e+002  9.9000000e+001  6.9900000e+002  0.0000000e+000
  1.1800000e+002  1.2300000e+002  6.6100000e+002  7.8846200e-001
  1.4800000e+002  1.2100000e+002  6.6700000e+002  1.0000000e+000
  1.3300000e+002  1.2000000e+002  6.9500000e+002  0.0000000e+000
  1.0800000e+002  1.0800000e+002  6.6400000e+002  1.0000000e+000
  1.5800000e+002  1.1000000e+002  6.8400000e+002  1.0000000e+000
  1.1100000e+002  1.3900000e+002  6.5600000e+002  1.0000000e+000
  1.5600000e+002  1.4000000e+002  6.6500000e+002  1.0000000e+000
  1.1300000e+002  1.4600000e+002  6.6000000e+002  8.9663500e-001
  1.5300000e+002  1.4600000e+002  6.6100000e+002  7.7884600e-001
  1.2400000e+002  1.8300000e+002  6.7900000e+002  1.0000000e+000
  1.4700000e+002  1.8200000e+002  6.7600000e+002  1.0000000e+000
  1.2800000e+002  2.2200000e+002  7.0400000e+002  1.0000000e+000
  1.4800000e+002  2.2500000e+002  6.8700000e+002  1.0000000e+000
  1.2700000e+002  2.3300000e+002  6.6300000e+002  0.0000000e+000
  1.4900000e+002  2.3400000e+002  6.4600000e+002  0.0000000e+000
  1.3400000e+002  4.6000000e+001  6.4900000e+002  1.0000000e+000
  1.1400000e+002  8.1000000e+001  6.7200000e+002  1.0000000e+000
  1.5200000e+002  8.2000000e+001  6.8000000e+002  1.0000000e+000
  1.3300000e+002  7.5000000e+001  6.5400000e+002  0.0000000e+000
  1.3300000e+002  9.9000000e+001  6.9800000e+002  0.0000000e+000
  1.1800000e+002  1.2300000e+002  6.6100000e+002  1.0000000e+000
  1.4800000e+002  1.2100000e+002  6.6700000e+002  1.0000000e+000
  1.3300000e+002  1.2000000e+002  6.9400000e+002  0.0000000e+000
  1.0800000e+002  1.0800000e+002  6.6400000e+002  1.0000000e+000
  1.5700000e+002  1.1000000e+002  6.8300000e+002  1.0000000e+000
  1.1000000e+002  1.4000000e+002  6.5400000e+002  1.0000000e+000
  1.5600000e+002  1.4000000e+002  6.6600000e+002  1.0000000e+000
  1.1200000e+002  1.4600000e+002  6.6000000e+002  7.2836500e-001
  1.5400000e+002  1.4700000e+002  6.6300000e+002  7.4519200e-001
  1.2400000e+002  1.8300000e+002  6.7900000e+002  1.0000000e+000
  1.4700000e+002  1.8200000e+002  6.7700000e+002  1.0000000e+000
  1.2800000e+002  2.2300000e+002  7.0200000e+002  1.0000000e+000
  1.4800000e+002  2.2500000e+002  6.8700000e+002  1.0000000e+000
  1.2700000e+002  2.3300000e+002  6.6100000e+002  0.0000000e+000
  1.4900000e+002  2.3400000e+002  6.4500000e+002  0.0000000e+000
  1.3400000e+002  4.6000000e+001  6.5000000e+002  1.0000000e+000
  1.1300000e+002  8.0000000e+001  6.7000000e+002  1.0000000e+000
  1.5100000e+002  8.2000000e+001  6.8200000e+002  1.0000000e+000
  1.3300000e+002  7.4000000e+001  6.5300000e+002  0.0000000e+000
  1.3200000e+002  9.9000000e+001  6.9800000e+002  0.0000000e+000
  1.1700000e+002  1.2300000e+002  6.5900000e+002  1.0000000e+000
  1.4800000e+002  1.2100000e+002  6.6900000e+002  1.0000000e+000
  1.3200000e+002  1.2000000e+002  6.9500000e+002  0.0000000e+000
  1.0800000e+002  1.0800000e+002  6.6300000e+002  1.0000000e+000
  1.5800000e+002  1.0900000e+002  6.8200000e+002  1.0000000e+000
  1.0900000e+002  1.3900000e+002  6.5300000e+002  1.0000000e+000
  1.5600000e+002  1.3900000e+002  6.6100000e+002  1.0000000e+000
  1.1000000e+002  1.4600000e+002  6.5600000e+002  8.4615400e-001
  1.5500000e+002  1.4600000e+002  6.6400000e+002  7.2836500e-001
  1.2400000e+002  1.8200000e+002  6.7900000e+002  1.0000000e+000
  1.4700000e+002  1.8100000e+002  6.7700000e+002  1.0000000e+000
  1.2800000e+002  2.2200000e+002  7.0700000e+002  1.0000000e+000
  1.4800000e+002  2.2500000e+002  6.8600000e+002  1.0000000e+000
  1.2800000e+002  2.3200000e+002  6.6600000e+002  0.0000000e+000
  1.5000000e+002  2.3300000e+002  6.4400000e+002  0.0000000e+000
  1.3500000e+002  4.6000000e+001  6.4700000e+002  1.0000000e+000
  1.1400000e+002  8.1000000e+001  6.6900000e+002  1.0000000e+000
  1.5200000e+002  8.2000000e+001  6.8200000e+002  1.0000000e+000
  1.3300000e+002  7.4000000e+001  6.5200000e+002  0.0000000e+000
  1.3200000e+002  9.9000000e+001  6.9800000e+002  0.0000000e+000
  1.1700000e+002  1.2300000e+002  6.5900000e+002  1.0000000e+000
  1.4800000e+002  1.2100000e+002  6.7000000e+002  8.1730800e-001
  1.3200000e+002  1.2000000e+002  6.9500000e+002  0.0000000e+000
  1.0800000e+002  1.0800000e+002  6.6200000e+002  1.0000000e+000
  1.5800000e+002  1.0900000e+002  6.8200000e+002  1.0000000e+000
  1.0900000e+002  1.4000000e+002  6.5200000e+002  1.0000000e+000
  1.5600000e+002  1.3800000e+002  6.5400000e+002  1.0000000e+000
  1.1100000e+002  1.4700000e+002  6.5300000e+002  7.7884600e-001
  1.5800000e+002  1.4500000e+002  6.5200000e+002  1.2259600e-001
  1.2400000e+002  1.8200000e+002  6.7800000e+002  1.0000000e+000
  1.4800000e+002  1.8100000e+002  6.7700000e+002  1.0000000e+000
  1.2800000e+002  2.2200000e+002  7.0300000e+002  1.0000000e+000
  1.4800000e+002  2.2500000e+002  6.8500000e+002  1.0000000e+000
  1.2800000e+002  2.3300000e+002  6.6200000e+002  0.0000000e+000
  1.5100000e+002  2.3300000e+002  6.4400000e+002  0.0000000e+000
  1.3400000e+002  4.6000000e+001  6.4700000e+002  1.0000000e+000
  1.1300000e+002  8.0000000e+001  6.6800000e+002  1.0000000e+000
  1.5100000e+002  8.0000000e+001  6.8100000e+002  1.0000000e+000
  1.3200000e+002  7.4000000e+001  6.5100000e+002  0.0000000e+000
  1.3200000e+002  9.8000000e+001  6.9700000e+002  0.0000000e+000
  1.1800000e+002  1.2200000e+002  6.6000000e+002  9.8076900e-001
  1.4800000e+002  1.2000000e+002  6.7200000e+002  1.0000000e+000
  1.3200000e+002  1.1900000e+002  6.9600000e+002  0.0000000e+000
  1.0800000e+002  1.0800000e+002  6.6200000e+002  1.0000000e+000
  1.5800000e+002  1.0700000e+002  6.8500000e+002  1.0000000e+000
  1.0900000e+002  1.4000000e+002  6.5000000e+002  1.0000000e+000
  1.6200000e+002  1.2800000e+002  6.3200000e+002  1.0000000e+000
  1.1000000e+002  1.4600000e+002  6.5800000e+002  8.2932700e-001
  1.6200000e+002  1.3400000e+002  6.2100000e+002  0.0000000e+000
  1.2400000e+002  1.8200000e+002  6.7800000e+002  1.0000000e+000
  1.4800000e+002  1.8100000e+002  6.7600000e+002  1.0000000e+000
  1.2800000e+002  2.2200000e+002  7.0300000e+002  1.0000000e+000
  1.4800000e+002  2.2500000e+002  6.8500000e+002  1.0000000e+000
  1.2800000e+002  2.3300000e+002  6.6200000e+002  0.0000000e+000
  1.5100000e+002  2.3300000e+002  6.4400000e+002  0.0000000e+000
  1.3400000e+002  4.5000000e+001  6.4600000e+002  1.0000000e+000
  1.1300000e+002  8.0000000e+001  6.6500000e+002  1.0000000e+000
  1.5000000e+002  8.0000000e+001  6.8500000e+002  1.0000000e+000
  1.3300000e+002  7.3000000e+001  6.5300000e+002  0.0000000e+000
  1.3100000e+002  9.7000000e+001  6.9600000e+002  0.0000000e+000
  1.2000000e+002  1.2100000e+002  6.6000000e+002  1.0000000e+000
  1.5000000e+002  1.1900000e+002  6.7500000e+002  1.0000000e+000
  1.3400000e+002  1.1900000e+002  6.9800000e+002  0.0000000e+000
  1.0900000e+002  1.0800000e+002  6.6100000e+002  1.0000000e+000
  1.6100000e+002  1.0500000e+002  6.8500000e+002  1.0000000e+000
  1.1000000e+002  1.3800000e+002  6.5000000e+002  1.0000000e+000
  1.7200000e+002  9.7000000e+001  6.1900000e+002  1.0000000e+000
  1.1100000e+002  1.4500000e+002  6.5500000e+002  9.8076900e-001
  1.7600000e+002  9.5000000e+001  6.0300000e+002  0.0000000e+000
  1.2400000e+002  1.8100000e+002  6.7900000e+002  1.0000000e+000
  1.4800000e+002  1.8100000e+002  6.7400000e+002  1.0000000e+000
  1.2700000e+002  2.2100000e+002  7.0300000e+002  1.0000000e+000
  1.4900000e+002  2.2400000e+002  6.8500000e+002  1.0000000e+000
  1.2800000e+002  2.3100000e+002  6.6200000e+002  0.0000000e+000
  1.5200000e+002  2.3200000e+002  6.4400000e+002  0.0000000e+000
  1.3600000e+002  4.5000000e+001  6.4600000e+002  1.0000000e+000
  1.1300000e+002  7.9000000e+001  6.6500000e+002  1.0000000e+000
  1.5000000e+002  8.0000000e+001  6.8500000e+002  1.0000000e+000
  1.3300000e+002  7.2000000e+001  6.5300000e+002  0.0000000e+000
  1.3100000e+002  9.7000000e+001  6.9600000e+002  0.0000000e+000
  1.2000000e+002  1.2100000e+002  6.6000000e+002  1.0000000e+000
  1.5000000e+002  1.1900000e+002  6.7500000e+002  1.0000000e+000
  1.3400000e+002  1.1800000e+002  6.9800000e+002  0.0000000e+000
  1.0900000e+002  1.0700000e+002  6.6000000e+002  1.0000000e+000
  1.6800000e+002  1.0100000e+002  6.8200000e+002  1.0000000e+000
  1.0900000e+002  1.3700000e+002  6.4800000e+002  1.0000000e+000
  1.7600000e+002  8.0000000e+001  6.2700000e+002  1.0000000e+000
  1.1000000e+002  1.4500000e+002  6.4200000e+002  9.6394200e-001
  1.7400000e+002  7.4000000e+001  6.1600000e+002  8.1250000e-001
  1.2400000e+002  1.8100000e+002  6.7900000e+002  1.0000000e+000
  1.4900000e+002  1.8000000e+002  6.7400000e+002  1.0000000e+000
  1.2800000e+002  2.2000000e+002  7.0600000e+002  1.0000000e+000
  1.4900000e+002  2.2400000e+002  6.8500000e+002  1.0000000e+000
  1.2800000e+002  2.3100000e+002  6.6500000e+002  0.0000000e+000
  1.5300000e+002  2.3200000e+002  6.4500000e+002  0.0000000e+000
  1.3600000e+002  4.5000000e+001  6.4500000e+002  1.0000000e+000
  1.1400000e+002  7.9000000e+001  6.6500000e+002  1.0000000e+000
  1.5100000e+002  7.9000000e+001  6.8400000e+002  1.0000000e+000
  1.3400000e+002  7.2000000e+001  6.5200000e+002  0.0000000e+000
  1.3200000e+002  9.6000000e+001  6.9700000e+002  0.0000000e+000
  1.2100000e+002  1.2100000e+002  6.6200000e+002  1.0000000e+000
  1.5100000e+002  1.1900000e+002  6.7600000e+002  1.0000000e+000
  1.3500000e+002  1.1800000e+002  6.9900000e+002  0.0000000e+000
  1.1000000e+002  1.0700000e+002  6.6000000e+002  1.0000000e+000
  1.7600000e+002  9.0000000e+001  6.7000000e+002  1.0000000e+000
  1.1000000e+002  1.3700000e+002  6.4700000e+002  1.0000000e+000
  1.8100000e+002  6.3000000e+001  6.2600000e+002  1.0000000e+000
  1.1000000e+002  1.4400000e+002  6.4800000e+002  9.1346200e-001
  1.7900000e+002  5.5000000e+001  6.1900000e+002  9.8076900e-001
  1.2500000e+002  1.8000000e+002  6.7900000e+002  1.0000000e+000
  1.5100000e+002  1.8000000e+002  6.7300000e+002  1.0000000e+000
  1.2800000e+002  2.2100000e+002  7.0300000e+002  1.0000000e+000
  1.5100000e+002  2.2300000e+002  6.8700000e+002  1.0000000e+000
  1.2800000e+002  2.3100000e+002  6.6200000e+002  0.0000000e+000
  1.5500000e+002  2.3100000e+002  6.4700000e+002  0.0000000e+000
  1.3700000e+002  4.5000000e+001  6.4300000e+002  1.0000000e+000
  1.1700000e+002  7.9000000e+001  6.6500000e+002  1.0000000e+000
  1.5500000e+002  7.8000000e+001  6.8100000e+002  1.0000000e+000
  1.3700000e+002  7.2000000e+001  6.5000000e+002  0.0000000e+000
  1.3600000e+002  9.6000000e+001  6.9600000e+002  0.0000000e+000
  1.2300000e+002  1.2000000e+002  6.5900000e+002  1.0000000e+000
  1.5300000e+002  1.1900000e+002  6.7600000e+002  1.0000000e+000
  1.3600000e+002  1.1700000e+002  6.9700000e+002  0.0000000e+000
  1.1100000e+002  1.0600000e+002  6.6000000e+002  1.0000000e+000
  1.8100000e+002  7.5000000e+001  6.5500000e+002  1.0000000e+000
  1.1000000e+002  1.3700000e+002  6.4400000e+002  1.0000000e+000
  1.8900000e+002  4.4000000e+001  6.2700000e+002  1.0000000e+000
  1.1200000e+002  1.4400000e+002  6.4700000e+002  1.0000000e+000
  1.8700000e+002  3.6000000e+001  6.2100000e+002  7.7884600e-001
  1.2500000e+002  1.8000000e+002  6.7800000e+002  1.0000000e+000
  1.5200000e+002  1.8000000e+002  6.7100000e+002  1.0000000e+000
  1.2700000e+002  2.2000000e+002  7.0300000e+002  1.0000000e+000
  1.5500000e+002  2.2200000e+002  6.8600000e+002  1.0000000e+000
  1.2800000e+002  2.3000000e+002  6.6200000e+002  0.0000000e+000
  1.6000000e+002  2.3100000e+002  6.4600000e+002  0.0000000e+000
  1.3900000e+002  4.4000000e+001  6.4500000e+002  1.0000000e+000
  1.1800000e+002  7.9000000e+001  6.6500000e+002  1.0000000e+000
  1.5600000e+002  7.7000000e+001  6.7400000e+002  1.0000000e+000
  1.3700000e+002  7.2000000e+001  6.4600000e+002  0.0000000e+000
  1.3800000e+002  9.5000000e+001  6.9500000e+002  0.0000000e+000
  1.2500000e+002  1.1900000e+002  6.6200000e+002  1.0000000e+000
  1.5500000e+002  1.2000000e+002  6.6900000e+002  1.0000000e+000
  1.4000000e+002  1.1700000e+002  6.9700000e+002  0.0000000e+000
  1.1400000e+002  1.0600000e+002  6.6000000e+002  1.0000000e+000
  1.8100000e+002  6.6000000e+001  6.5100000e+002  1.0000000e+000
  1.1100000e+002  1.3700000e+002  6.4300000e+002  1.0000000e+000
  1.9500000e+002  3.7000000e+001  6.2700000e+002  1.0000000e+000
  1.1300000e+002  1.4400000e+002  6.4500000e+002  9.1346200e-001
  1.9800000e+002  2.9000000e+001  6.2500000e+002  8.7980800e-001
  1.2600000e+002  1.7900000e+002  6.7800000e+002  1.0000000e+000
  1.5400000e+002  1.8000000e+002  6.7000000e+002  1.0000000e+000
  1.2800000e+002  2.1900000e+002  7.0200000e+002  1.0000000e+000
  1.5800000e+002  2.2400000e+002  6.7700000e+002  1.0000000e+000
  1.2600000e+002  2.3000000e+002  6.6100000e+002  0.0000000e+000
  1.6000000e+002  2.3200000e+002  6.3600000e+002  0.0000000e+000
  1.4200000e+002  4.3000000e+001  6.4400000e+002  1.0000000e+000
  1.2000000e+002  8.0000000e+001  6.6700000e+002  1.0000000e+000
  1.5700000e+002  7.7000000e+001  6.7000000e+002  1.0000000e+000
  1.3900000e+002  7.2000000e+001  6.4500000e+002  0.0000000e+000
  1.4100000e+002  9.6000000e+001  6.9300000e+002  0.0000000e+000
  1.2700000e+002  1.1800000e+002  6.6100000e+002  1.0000000e+000
  1.5700000e+002  1.2100000e+002  6.6400000e+002  1.0000000e+000
  1.4200000e+002  1.1700000e+002  6.9400000e+002  0.0000000e+000
  1.1600000e+002  1.0700000e+002  6.6100000e+002  1.0000000e+000
  1.8100000e+002  6.1000000e+001  6.4700000e+002  1.0000000e+000
  1.1300000e+002  1.3700000e+002  6.4400000e+002  1.0000000e+000
  2.0000000e+002  3.5000000e+001  6.2800000e+002  1.0000000e+000
  1.1400000e+002  1.4500000e+002  6.4500000e+002  1.0000000e+000
  2.0100000e+002  2.7000000e+001  6.2300000e+002  1.0000000e+000
  1.2700000e+002  1.7900000e+002  6.7700000e+002  1.0000000e+000
  1.5500000e+002  1.8100000e+002  6.6900000e+002  1.0000000e+000
  1.2800000e+002  2.1900000e+002  7.0200000e+002  1.0000000e+000
  1.5900000e+002  2.2400000e+002  6.7900000e+002  1.0000000e+000
  1.2500000e+002  2.2900000e+002  6.6200000e+002  0.0000000e+000
  1.6000000e+002  2.3300000e+002  6.3700000e+002  0.0000000e+000
  1.4400000e+002  4.3000000e+001  6.4400000e+002  1.0000000e+000
  1.2400000e+002  8.2000000e+001  6.7000000e+002  1.0000000e+000
  1.6100000e+002  7.6000000e+001  6.6300000e+002  1.0000000e+000
  1.4100000e+002  7.2000000e+001  6.4300000e+002  0.0000000e+000
  1.4600000e+002  9.6000000e+001  6.9000000e+002  0.0000000e+000
  1.3100000e+002  1.1700000e+002  6.6300000e+002  7.9807700e-001
  1.6100000e+002  1.2200000e+002  6.5800000e+002  1.0000000e+000
  1.4800000e+002  1.1800000e+002  6.9100000e+002  0.0000000e+000
  1.2000000e+002  1.0900000e+002  6.6100000e+002  1.0000000e+000
  1.8200000e+002  5.8000000e+001  6.3600000e+002  1.0000000e+000
  1.1500000e+002  1.3900000e+002  6.4800000e+002  1.0000000e+000
  2.0700000e+002  3.6000000e+001  6.2200000e+002  1.0000000e+000
  1.1500000e+002  1.4600000e+002  6.4000000e+002  6.4423100e-001
  2.1000000e+002  2.9000000e+001  6.2300000e+002  1.0000000e+000
  1.2800000e+002  1.7800000e+002  6.7600000e+002  1.0000000e+000
  1.5700000e+002  1.8200000e+002  6.6600000e+002  1.0000000e+000
  1.2700000e+002  2.1900000e+002  7.0100000e+002  1.0000000e+000
  1.6000000e+002  2.2600000e+002  6.7500000e+002  1.0000000e+000
  1.2300000e+002  2.2900000e+002  6.6000000e+002  0.0000000e+000
  1.5900000e+002  2.3500000e+002  6.3300000e+002  0.0000000e+000
  1.5000000e+002  4.4000000e+001  6.4500000e+002  1.0000000e+000
  1.2700000e+002  8.2000000e+001  6.6900000e+002  1.0000000e+000
  1.6400000e+002  7.6000000e+001  6.6000000e+002  1.0000000e+000
  1.4400000e+002  7.3000000e+001  6.4100000e+002  0.0000000e+000
  1.5000000e+002  9.6000000e+001  6.8900000e+002  0.0000000e+000
  1.3400000e+002  1.1700000e+002  6.6300000e+002  6.5384600e-001
  1.6400000e+002  1.2300000e+002  6.5700000e+002  1.0000000e+000
  1.5100000e+002  1.1800000e+002  6.9000000e+002  0.0000000e+000
  1.2400000e+002  1.0900000e+002  6.6100000e+002  1.0000000e+000
  1.8600000e+002  5.8000000e+001  6.3300000e+002  1.0000000e+000
  1.1900000e+002  1.3900000e+002  6.5200000e+002  1.0000000e+000
  2.1100000e+002  3.7000000e+001  6.2000000e+002  1.0000000e+000
  1.1800000e+002  1.4700000e+002  6.4900000e+002  6.2740400e-001
  2.1600000e+002  3.0000000e+001  6.1600000e+002  1.0000000e+000
  1.2900000e+002  1.7800000e+002  6.7500000e+002  1.0000000e+000
  1.5800000e+002  1.8300000e+002  6.6400000e+002  1.0000000e+000
  1.2600000e+002  2.1900000e+002  6.9800000e+002  1.0000000e+000
  1.6000000e+002  2.2600000e+002  6.7800000e+002  1.0000000e+000
  1.2100000e+002  2.2900000e+002  6.5700000e+002  0.0000000e+000
  1.5900000e+002  2.3600000e+002  6.3600000e+002  0.0000000e+000
  1.5200000e+002  4.4000000e+001  6.4200000e+002  1.0000000e+000
  1.3000000e+002  8.2000000e+001  6.6800000e+002  1.0000000e+000
  1.6700000e+002  7.6000000e+001  6.6000000e+002  1.0000000e+000
  1.4600000e+002  7.2000000e+001  6.4000000e+002  0.0000000e+000
  1.5200000e+002  9.6000000e+001  6.8800000e+002  0.0000000e+000
  1.3600000e+002  1.1800000e+002  6.6100000e+002  1.0000000e+000
  1.6600000e+002  1.2300000e+002  6.5500000e+002  1.0000000e+000
  1.5300000e+002  1.1800000e+002  6.8900000e+002  0.0000000e+000
  1.2600000e+002  1.0900000e+002  6.6200000e+002  1.0000000e+000
  1.8900000e+002  5.8000000e+001  6.3200000e+002  1.0000000e+000
  1.2300000e+002  1.3900000e+002  6.5500000e+002  1.0000000e+000
  2.1500000e+002  3.8000000e+001  6.1700000e+002  1.0000000e+000
  1.2400000e+002  1.4700000e+002  6.5700000e+002  1.0000000e+000
  2.2000000e+002  3.1000000e+001  6.1100000e+002  1.0000000e+000
  1.3000000e+002  1.7800000e+002  6.7400000e+002  1.0000000e+000
  1.5800000e+002  1.8300000e+002  6.6400000e+002  1.0000000e+000
  1.2700000e+002  2.1900000e+002  6.9700000e+002  1.0000000e+000
  1.6100000e+002  2.2700000e+002  6.7700000e+002  1.0000000e+000
  1.2200000e+002  2.2900000e+002  6.5700000e+002  0.0000000e+000
  1.5900000e+002  2.3600000e+002  6.3600000e+002  0.0000000e+000
  1.5400000e+002  4.3000000e+001  6.4100000e+002  1.0000000e+000
  1.3400000e+002  8.0000000e+001  6.6900000e+002  1.0000000e+000
  1.7000000e+002  7.6000000e+001  6.5900000e+002  1.0000000e+000
  1.5000000e+002  7.2000000e+001  6.4100000e+002  0.0000000e+000
  1.5500000e+002  9.6000000e+001  6.8800000e+002  0.0000000e+000
  1.3800000e+002  1.1800000e+002  6.6000000e+002  1.0000000e+000
  1.6800000e+002  1.2200000e+002  6.5200000e+002  1.0000000e+000
  1.5500000e+002  1.1800000e+002  6.8700000e+002  0.0000000e+000
  1.2800000e+002  1.0700000e+002  6.6200000e+002  1.0000000e+000
  1.9300000e+002  5.9000000e+001  6.2900000e+002  1.0000000e+000
  1.2500000e+002  1.3800000e+002  6.5400000e+002  1.0000000e+000
  2.1900000e+002  3.8000000e+001  6.1500000e+002  1.0000000e+000
  1.2500000e+002  1.4500000e+002  6.5700000e+002  1.0000000e+000
  2.2300000e+002  3.1000000e+001  6.0700000e+002  9.8076900e-001
  1.3100000e+002  1.7800000e+002  6.7300000e+002  1.0000000e+000
  1.5900000e+002  1.8300000e+002  6.6500000e+002  1.0000000e+000
  1.2700000e+002  2.1900000e+002  6.9600000e+002  1.0000000e+000
  1.6000000e+002  2.2600000e+002  6.7900000e+002  1.0000000e+000
  1.2100000e+002  2.2800000e+002  6.5500000e+002  0.0000000e+000
  1.5800000e+002  2.3500000e+002  6.3700000e+002  0.0000000e+000
  1.5600000e+002  4.3000000e+001  6.4100000e+002  1.0000000e+000
  1.3500000e+002  7.9000000e+001  6.6900000e+002  1.0000000e+000
  1.7200000e+002  7.7000000e+001  6.5900000e+002  1.0000000e+000
  1.5200000e+002  7.1000000e+001  6.4100000e+002  0.0000000e+000
  1.5600000e+002  9.6000000e+001  6.8800000e+002  0.0000000e+000
  1.3800000e+002  1.1700000e+002  6.6000000e+002  1.0000000e+000
  1.6800000e+002  1.2200000e+002  6.5200000e+002  1.0000000e+000
  1.5500000e+002  1.1800000e+002  6.8700000e+002  0.0000000e+000
  1.2900000e+002  1.0600000e+002  6.6100000e+002  1.0000000e+000
  1.9400000e+002  6.0000000e+001  6.3000000e+002  1.0000000e+000
  1.2600000e+002  1.3600000e+002  6.5300000e+002  1.0000000e+000
  2.2000000e+002  3.9000000e+001  6.1100000e+002  1.0000000e+000
  1.2500000e+002  1.4300000e+002  6.5700000e+002  1.0000000e+000
  2.2500000e+002  3.2000000e+001  6.0700000e+002  1.0000000e+000
  1.3200000e+002  1.7800000e+002  6.7300000e+002  1.0000000e+000
  1.5900000e+002  1.8300000e+002  6.6500000e+002  1.0000000e+000
  1.2600000e+002  2.1800000e+002  6.9600000e+002  1.0000000e+000
  1.6100000e+002  2.2600000e+002  6.7800000e+002  1.0000000e+000
  1.2100000e+002  2.2800000e+002  6.5600000e+002  0.0000000e+000
  1.5900000e+002  2.3500000e+002  6.3600000e+002  0.0000000e+000
  1.5700000e+002  4.3000000e+001  6.4300000e+002  1.0000000e+000
  1.3500000e+002  7.9000000e+001  6.6900000e+002  1.0000000e+000
  1.7300000e+002  7.7000000e+001  6.6200000e+002  1.0000000e+000
  1.5300000e+002  7.1000000e+001  6.4200000e+002  0.0000000e+000
  1.5600000e+002  9.6000000e+001  6.8800000e+002  0.0000000e+000
  1.3900000e+002  1.1800000e+002  6.5800000e+002  1.0000000e+000
  1.6900000e+002  1.2200000e+002  6.5200000e+002  1.0000000e+000
  1.5500000e+002  1.1800000e+002  6.8600000e+002  0.0000000e+000
  1.2900000e+002  1.0600000e+002  6.6200000e+002  1.0000000e+000
  1.9600000e+002  6.3000000e+001  6.3000000e+002  1.0000000e+000
  1.2600000e+002  1.3600000e+002  6.5200000e+002  1.0000000e+000
  2.2100000e+002  4.1000000e+001  6.0900000e+002  1.0000000e+000
  1.2600000e+002  1.4300000e+002  6.5300000e+002  1.0000000e+000
  2.2600000e+002  3.4000000e+001  6.0300000e+002  1.0000000e+000
  1.3200000e+002  1.7800000e+002  6.7300000e+002  1.0000000e+000
  1.5900000e+002  1.8300000e+002  6.6600000e+002  1.0000000e+000
  1.2700000e+002  2.1800000e+002  6.9800000e+002  1.0000000e+000
  1.6100000e+002  2.2600000e+002  6.7800000e+002  1.0000000e+000
  1.2100000e+002  2.2800000e+002  6.5700000e+002  0.0000000e+000
  1.5900000e+002  2.3500000e+002  6.3600000e+002  0.0000000e+000
  1.5700000e+002  4.3000000e+001  6.4500000e+002  1.0000000e+000
  1.3500000e+002  7.9000000e+001  6.6800000e+002  1.0000000e+000
  1.7300000e+002  7.9000000e+001  6.6600000e+002  1.0000000e+000
  1.5400000e+002  7.2000000e+001  6.4400000e+002  0.0000000e+000
  1.5500000e+002  9.7000000e+001  6.9000000e+002  0.0000000e+000
  1.3800000e+002  1.1800000e+002  6.5700000e+002  1.0000000e+000
  1.6900000e+002  1.2200000e+002  6.5500000e+002  1.0000000e+000
  1.5400000e+002  1.1800000e+002  6.8700000e+002  0.0000000e+000
  1.2900000e+002  1.0600000e+002  6.6200000e+002  1.0000000e+000
  1.9800000e+002  7.1000000e+001  6.3500000e+002  1.0000000e+000
  1.2600000e+002  1.3600000e+002  6.4900000e+002  1.0000000e+000
  2.2400000e+002  5.3000000e+001  5.9900000e+002  1.0000000e+000
  1.2600000e+002  1.4300000e+002  6.4800000e+002  1.0000000e+000
  2.2800000e+002  4.6000000e+001  5.8700000e+002  1.0000000e+000
  1.3100000e+002  1.7800000e+002  6.7400000e+002  1.0000000e+000
  1.5800000e+002  1.8300000e+002  6.6500000e+002  1.0000000e+000
  1.2700000e+002  2.1800000e+002  6.9600000e+002  1.0000000e+000
  1.6100000e+002  2.2600000e+002  6.7800000e+002  1.0000000e+000
  1.2300000e+002  2.2800000e+002  6.5500000e+002  0.0000000e+000
  1.6000000e+002  2.3500000e+002  6.3600000e+002  0.0000000e+000
  1.5400000e+002  4.3000000e+001  6.4600000e+002  1.0000000e+000
  1.3400000e+002  7.9000000e+001  6.6900000e+002  1.0000000e+000
  1.7200000e+002  7.9000000e+001  6.7000000e+002  1.0000000e+000
  1.5300000e+002  7.2000000e+001  6.4700000e+002  0.0000000e+000
  1.5400000e+002  9.7000000e+001  6.9100000e+002  0.0000000e+000
  1.3700000e+002  1.1900000e+002  6.5700000e+002  1.0000000e+000
  1.6800000e+002  1.2200000e+002  6.5700000e+002  1.0000000e+000
  1.5300000e+002  1.1900000e+002  6.8800000e+002  0.0000000e+000
  1.2800000e+002  1.0600000e+002  6.6300000e+002  1.0000000e+000
  1.9800000e+002  8.3000000e+001  6.4000000e+002  1.0000000e+000
  1.2500000e+002  1.3600000e+002  6.5100000e+002  1.0000000e+000
  2.2400000e+002  7.0000000e+001  5.9300000e+002  1.0000000e+000
  1.2500000e+002  1.4400000e+002  6.4600000e+002  8.6298100e-001
  2.2700000e+002  6.3000000e+001  5.8200000e+002  7.4519200e-001
  1.3100000e+002  1.7800000e+002  6.7500000e+002  1.0000000e+000
  1.5800000e+002  1.8300000e+002  6.6600000e+002  1.0000000e+000
  1.2700000e+002  2.1900000e+002  6.9700000e+002  1.0000000e+000
  1.6000000e+002  2.2500000e+002  6.8300000e+002  1.0000000e+000
  1.2400000e+002  2.2900000e+002  6.5600000e+002  0.0000000e+000
  1.6000000e+002  2.3500000e+002  6.4200000e+002  0.0000000e+000
  1.5200000e+002  4.4000000e+001  6.4800000e+002  1.0000000e+000
  1.3200000e+002  8.0000000e+001  6.7000000e+002  1.0000000e+000
  1.7000000e+002  7.9000000e+001  6.7200000e+002  1.0000000e+000
  1.5100000e+002  7.2000000e+001  6.4800000e+002  0.0000000e+000
  1.5200000e+002  9.7000000e+001  6.9200000e+002  0.0000000e+000
  1.3600000e+002  1.1900000e+002  6.5800000e+002  1.0000000e+000
  1.6700000e+002  1.2100000e+002  6.5900000e+002  1.0000000e+000
  1.5200000e+002  1.1900000e+002  6.8900000e+002  0.0000000e+000
  1.2700000e+002  1.0700000e+002  6.6500000e+002  1.0000000e+000
  1.9000000e+002  9.7000000e+001  6.5500000e+002  1.0000000e+000
  1.2500000e+002  1.3700000e+002  6.5100000e+002  1.0000000e+000
  2.1400000e+002  9.4000000e+001  6.0100000e+002  1.0000000e+000
  1.2500000e+002  1.4500000e+002  6.5200000e+002  1.0000000e+000
  2.2000000e+002  9.3000000e+001  5.8800000e+002  0.0000000e+000
  1.3100000e+002  1.7900000e+002  6.7700000e+002  1.0000000e+000
  1.5800000e+002  1.8300000e+002  6.6800000e+002  1.0000000e+000
  1.2800000e+002  2.1900000e+002  6.9900000e+002  1.0000000e+000
  1.6000000e+002  2.2600000e+002  6.7900000e+002  1.0000000e+000
  1.2500000e+002  2.2900000e+002  6.5700000e+002  0.0000000e+000
  1.6000000e+002  2.3500000e+002  6.3700000e+002  0.0000000e+000
  1.4800000e+002  4.4000000e+001  6.4800000e+002  1.0000000e+000
  1.2800000e+002  8.1000000e+001  6.7500000e+002  1.0000000e+000
  1.6600000e+002  7.9000000e+001  6.7300000e+002  1.0000000e+000
  1.4600000e+002  7.3000000e+001  6.5200000e+002  0.0000000e+000
  1.4800000e+002  9.8000000e+001  6.9400000e+002  0.0000000e+000
  1.3300000e+002  1.2000000e+002  6.6200000e+002  8.3653800e-001
  1.6300000e+002  1.2000000e+002  6.5900000e+002  1.0000000e+000
  1.4900000e+002  1.1900000e+002  6.9200000e+002  0.0000000e+000
  1.2400000e+002  1.0800000e+002  6.6700000e+002  1.0000000e+000
  1.7900000e+002  1.0300000e+002  6.6100000e+002  1.0000000e+000
  1.2300000e+002  1.3800000e+002  6.5400000e+002  1.0000000e+000
  1.9400000e+002  1.2500000e+002  6.2600000e+002  1.0000000e+000
  1.2300000e+002  1.4500000e+002  6.5500000e+002  1.0000000e+000
  1.9600000e+002  1.3000000e+002  6.1100000e+002  5.7692300e-001
  1.3000000e+002  1.7900000e+002  6.7900000e+002  1.0000000e+000
  1.5700000e+002  1.8200000e+002  6.6800000e+002  1.0000000e+000
  1.2800000e+002  2.2000000e+002  6.9900000e+002  1.0000000e+000
  1.6000000e+002  2.2500000e+002  6.8200000e+002  1.0000000e+000
  1.2400000e+002  2.2900000e+002  6.5800000e+002  0.0000000e+000
  1.6000000e+002  2.3400000e+002  6.4000000e+002  0.0000000e+000
  1.4600000e+002  4.5000000e+001  6.5000000e+002  1.0000000e+000
  1.2600000e+002  8.1000000e+001  6.7400000e+002  1.0000000e+000
  1.6400000e+002  8.1000000e+001  6.7200000e+002  1.0000000e+000
  1.4400000e+002  7.4000000e+001  6.5000000e+002  0.0000000e+000
  1.4600000e+002  9.8000000e+001  6.9600000e+002  0.0000000e+000
  1.3000000e+002  1.2200000e+002  6.6400000e+002  1.0000000e+000
  1.6000000e+002  1.2100000e+002  6.6100000e+002  1.0000000e+000
  1.4600000e+002  1.2000000e+002  6.9400000e+002  0.0000000e+000
  1.2100000e+002  1.0800000e+002  6.7000000e+002  1.0000000e+000
  1.7200000e+002  1.0700000e+002  6.6700000e+002  1.0000000e+000
  1.2100000e+002  1.3800000e+002  6.5800000e+002  1.0000000e+000
  1.7800000e+002  1.3600000e+002  6.4900000e+002  1.0000000e+000
  1.2100000e+002  1.4500000e+002  6.5700000e+002  9.8076900e-001
  1.7600000e+002  1.4300000e+002  6.4200000e+002  1.0000000e+000
  1.2900000e+002  1.8000000e+002  6.8200000e+002  1.0000000e+000
  1.5600000e+002  1.8300000e+002  6.7000000e+002  1.0000000e+000
  1.2700000e+002  2.2100000e+002  7.0100000e+002  1.0000000e+000
  1.6000000e+002  2.2600000e+002  6.7900000e+002  1.0000000e+000
  1.2400000e+002  2.3100000e+002  6.6000000e+002  0.0000000e+000
  1.5900000e+002  2.3500000e+002  6.3700000e+002  0.0000000e+000
  1.4400000e+002  4.5000000e+001  6.4900000e+002  1.0000000e+000
  1.2300000e+002  8.0000000e+001  6.7400000e+002  1.0000000e+000
  1.6100000e+002  8.1000000e+001  6.7300000e+002  1.0000000e+000
  1.4200000e+002  7.4000000e+001  6.5000000e+002  0.0000000e+000
  1.4300000e+002  9.8000000e+001  6.9700000e+002  0.0000000e+000
  1.2700000e+002  1.2200000e+002  6.6500000e+002  9.6153800e-001
  1.5700000e+002  1.2100000e+002  6.6500000e+002  9.2307700e-001
  1.4300000e+002  1.2000000e+002  6.9600000e+002  0.0000000e+000
  1.1800000e+002  1.0800000e+002  6.7400000e+002  1.0000000e+000
  1.6600000e+002  1.0800000e+002  6.7300000e+002  1.0000000e+000
  1.1900000e+002  1.3700000e+002  6.5900000e+002  1.0000000e+000
  1.6400000e+002  1.3900000e+002  6.6300000e+002  1.0000000e+000
  1.1900000e+002  1.4500000e+002  6.6100000e+002  9.8076900e-001
  1.6200000e+002  1.4500000e+002  6.6600000e+002  2.5721200e-001
  1.2700000e+002  1.8000000e+002  6.8600000e+002  1.0000000e+000
  1.5500000e+002  1.8200000e+002  6.7200000e+002  1.0000000e+000
  1.2800000e+002  2.2100000e+002  7.0400000e+002  1.0000000e+000
  1.6000000e+002  2.2600000e+002  6.8000000e+002  1.0000000e+000
  1.2500000e+002  2.3100000e+002  6.6200000e+002  0.0000000e+000
  1.6000000e+002  2.3500000e+002  6.3800000e+002  0.0000000e+000
  1.4200000e+002  4.5000000e+001  6.5100000e+002  1.0000000e+000
