  0.0000000e+000  0.0000000e+000  0.0000000e+000  0.0000000e+000
  0.0000000e+000  0.0000000e+000  0.0000000e+000  0.0000000e+000
  0.0000000e+000  0.0000000e+000  0.0000000e+000  0.0000000e+000
  0.0000000e+000  0.0000000e+000  0.0000000e+000  0.0000000e+000
  0.0000000e+000  0.0000000e+000  0.0000000e+000  0.0000000e+000
  0.0000000e+000  0.0000000e+000  0.0000000e+000  0.0000000e+000
  0.0000000e+000  0.0000000e+000  0.0000000e+000  0.0000000e+000
  0.0000000e+000  0.0000000e+000  0.0000000e+000  0.0000000e+000
  0.0000000e+000  0.0000000e+000  0.0000000e+000  0.0000000e+000
  0.0000000e+000  0.0000000e+000  0.0000000e+000  0.0000000e+000
  0.0000000e+000  0.0000000e+000  0.0000000e+000  0.0000000e+000
  0.0000000e+000  0.0000000e+000  0.0000000e+000  0.0000000e+000
  0.0000000e+000  0.0000000e+000  0.0000000e+000  0.0000000e+000
  0.0000000e+000  0.0000000e+000  0.0000000e+000  0.0000000e+000
  0.0000000e+000  0.0000000e+000  0.0000000e+000  0.0000000e+000
  0.0000000e+000  0.0000000e+000  0.0000000e+000  0.0000000e+000
  0.0000000e+000  0.0000000e+000  0.0000000e+000  0.0000000e+000
  0.0000000e+000  0.0000000e+000  0.0000000e+000  0.0000000e+000
  0.0000000e+000  0.0000000e+000  0.0000000e+000  0.0000000e+000
  0.0000000e+000  0.0000000e+000  0.0000000e+000  0.0000000e+000
  0.0000000e+000  0.0000000e+000  0.0000000e+000  0.0000000e+000
  0.0000000e+000  0.0000000e+000  0.0000000e+000  0.0000000e+000
  0.0000000e+000  0.0000000e+000  0.0000000e+000  0.0000000e+000
  0.0000000e+000  0.0000000e+000  0.0000000e+000  0.0000000e+000
  0.0000000e+000  0.0000000e+000  0.0000000e+000  0.0000000e+000
  0.0000000e+000  0.0000000e+000  0.0000000e+000  0.0000000e+000
  0.0000000e+000  0.0000000e+000  0.0000000e+000  0.0000000e+000
  0.0000000e+000  0.0000000e+000  0.0000000e+000  0.0000000e+000
  0.0000000e+000  0.0000000e+000  0.0000000e+000  0.0000000e+000
  0.0000000e+000  0.0000000e+000  0.0000000e+000  0.0000000e+000
  0.0000000e+000  0.0000000e+000  0.0000000e+000  0.0000000e+000
  0.0000000e+000  0.0000000e+000  0.0000000e+000  0.0000000e+000
  0.0000000e+000  0.0000000e+000  0.0000000e+000  0.0000000e+000
  0.0000000e+000  0.0000000e+000  0.0000000e+000  0.0000000e+000
  0.0000000e+000  0.0000000e+000  0.0000000e+000  0.0000000e+000
  0.0000000e+000  0.0000000e+000  0.0000000e+000  0.0000000e+000
  0.0000000e+000  0.0000000e+000  0.0000000e+000  0.0000000e+000
  0.0000000e+000  0.0000000e+000  0.0000000e+000  0.0000000e+000
  0.0000000e+000  0.0000000e+000  0.0000000e+000  0.0000000e+000
  0.0000000e+000  0.0000000e+000  0.0000000e+000  0.0000000e+000
  0.0000000e+000  0.0000000e+000  0.0000000e+000  0.0000000e+000
  0.0000000e+000  0.0000000e+000  0.0000000e+000  0.0000000e+000
  0.0000000e+000  0.0000000e+000  0.0000000e+000  0.0000000e+000
  0.0000000e+000  0.0000000e+000  0.0000000e+000  0.0000000e+000
  0.0000000e+000  0.0000000e+000  0.0000000e+000  0.0000000e+000
  0.0000000e+000  0.0000000e+000  0.0000000e+000  0.0000000e+000
  0.0000000e+000  0.0000000e+000  0.0000000e+000  0.0000000e+000
  0.0000000e+000  0.0000000e+000  0.0000000e+000  0.0000000e+000
  0.0000000e+000  0.0000000e+000  0.0000000e+000  0.0000000e+000
  0.0000000e+000  0.0000000e+000  0.0000000e+000  0.0000000e+000
  0.0000000e+000  0.0000000e+000  0.0000000e+000  0.0000000e+000
  0.0000000e+000  0.0000000e+000  0.0000000e+000  0.0000000e+000
  0.0000000e+000  0.0000000e+000  0.0000000e+000  0.0000000e+000
  0.0000000e+000  0.0000000e+000  0.0000000e+000  0.0000000e+000
  0.0000000e+000  0.0000000e+000  0.0000000e+000  0.0000000e+000
  0.0000000e+000  0.0000000e+000  0.0000000e+000  0.0000000e+000
  0.0000000e+000  0.0000000e+000  0.0000000e+000  0.0000000e+000
  0.0000000e+000  0.0000000e+000  0.0000000e+000  0.0000000e+000
  0.0000000e+000  0.0000000e+000  0.0000000e+000  0.0000000e+000
  0.0000000e+000  0.0000000e+000  0.0000000e+000  0.0000000e+000
  0.0000000e+000  0.0000000e+000  0.0000000e+000  0.0000000e+000
  0.0000000e+000  0.0000000e+000  0.0000000e+000  0.0000000e+000
  0.0000000e+000  0.0000000e+000  0.0000000e+000  0.0000000e+000
  0.0000000e+000  0.0000000e+000  0.0000000e+000  0.0000000e+000
  0.0000000e+000  0.0000000e+000  0.0000000e+000  0.0000000e+000
  0.0000000e+000  0.0000000e+000  0.0000000e+000  0.0000000e+000
  0.0000000e+000  0.0000000e+000  0.0000000e+000  0.0000000e+000
  0.0000000e+000  0.0000000e+000  0.0000000e+000  0.0000000e+000
  0.0000000e+000  0.0000000e+000  0.0000000e+000  0.0000000e+000
  0.0000000e+000  0.0000000e+000  0.0000000e+000  0.0000000e+000
  0.0000000e+000  0.0000000e+000  0.0000000e+000  0.0000000e+000
  0.0000000e+000  0.0000000e+000  0.0000000e+000  0.0000000e+000
  0.0000000e+000  0.0000000e+000  0.0000000e+000  0.0000000e+000
  0.0000000e+000  0.0000000e+000  0.0000000e+000  0.0000000e+000
  0.0000000e+000  0.0000000e+000  0.0000000e+000  0.0000000e+000
  0.0000000e+000  0.0000000e+000  0.0000000e+000  0.0000000e+000
  0.0000000e+000  0.0000000e+000  0.0000000e+000  0.0000000e+000
  0.0000000e+000  0.0000000e+000  0.0000000e+000  0.0000000e+000
  0.0000000e+000  0.0000000e+000  0.0000000e+000  0.0000000e+000
  0.0000000e+000  0.0000000e+000  0.0000000e+000  0.0000000e+000
  0.0000000e+000  0.0000000e+000  0.0000000e+000  0.0000000e+000
  0.0000000e+000  0.0000000e+000  0.0000000e+000  0.0000000e+000
  0.0000000e+000  0.0000000e+000  0.0000000e+000  0.0000000e+000
  0.0000000e+000  0.0000000e+000  0.0000000e+000  0.0000000e+000
  0.0000000e+000  0.0000000e+000  0.0000000e+000  0.0000000e+000
  0.0000000e+000  0.0000000e+000  0.0000000e+000  0.0000000e+000
  0.0000000e+000  0.0000000e+000  0.0000000e+000  0.0000000e+000
  0.0000000e+000  0.0000000e+000  0.0000000e+000  0.0000000e+000
  0.0000000e+000  0.0000000e+000  0.0000000e+000  0.0000000e+000
  0.0000000e+000  0.0000000e+000  0.0000000e+000  0.0000000e+000
  0.0000000e+000  0.0000000e+000  0.0000000e+000  0.0000000e+000
  0.0000000e+000  0.0000000e+000  0.0000000e+000  0.0000000e+000
  0.0000000e+000  0.0000000e+000  0.0000000e+000  0.0000000e+000
  0.0000000e+000  0.0000000e+000  0.0000000e+000  0.0000000e+000
  0.0000000e+000  0.0000000e+000  0.0000000e+000  0.0000000e+000
  0.0000000e+000  0.0000000e+000  0.0000000e+000  0.0000000e+000
  0.0000000e+000  0.0000000e+000  0.0000000e+000  0.0000000e+000
  0.0000000e+000  0.0000000e+000  0.0000000e+000  0.0000000e+000
  0.0000000e+000  0.0000000e+000  0.0000000e+000  0.0000000e+000
  0.0000000e+000  0.0000000e+000  0.0000000e+000  0.0000000e+000
  0.0000000e+000  0.0000000e+000  0.0000000e+000  0.0000000e+000
  0.0000000e+000  0.0000000e+000  0.0000000e+000  0.0000000e+000
  0.0000000e+000  0.0000000e+000  0.0000000e+000  0.0000000e+000
  0.0000000e+000  0.0000000e+000  0.0000000e+000  0.0000000e+000
  0.0000000e+000  0.0000000e+000  0.0000000e+000  0.0000000e+000
  0.0000000e+000  0.0000000e+000  0.0000000e+000  0.0000000e+000
  0.0000000e+000  0.0000000e+000  0.0000000e+000  0.0000000e+000
  0.0000000e+000  0.0000000e+000  0.0000000e+000  0.0000000e+000
  0.0000000e+000  0.0000000e+000  0.0000000e+000  0.0000000e+000
  0.0000000e+000  0.0000000e+000  0.0000000e+000  0.0000000e+000
  0.0000000e+000  0.0000000e+000  0.0000000e+000  0.0000000e+000
  0.0000000e+000  0.0000000e+000  0.0000000e+000  0.0000000e+000
  0.0000000e+000  0.0000000e+000  0.0000000e+000  0.0000000e+000
  0.0000000e+000  0.0000000e+000  0.0000000e+000  0.0000000e+000
  0.0000000e+000  0.0000000e+000  0.0000000e+000  0.0000000e+000
  0.0000000e+000  0.0000000e+000  0.0000000e+000  0.0000000e+000
  0.0000000e+000  0.0000000e+000  0.0000000e+000  0.0000000e+000
  0.0000000e+000  0.0000000e+000  0.0000000e+000  0.0000000e+000
  0.0000000e+000  0.0000000e+000  0.0000000e+000  0.0000000e+000
  0.0000000e+000  0.0000000e+000  0.0000000e+000  0.0000000e+000
  0.0000000e+000  0.0000000e+000  0.0000000e+000  0.0000000e+000
  0.0000000e+000  0.0000000e+000  0.0000000e+000  0.0000000e+000
  0.0000000e+000  0.0000000e+000  0.0000000e+000  0.0000000e+000
  0.0000000e+000  0.0000000e+000  0.0000000e+000  0.0000000e+000
  0.0000000e+000  0.0000000e+000  0.0000000e+000  0.0000000e+000
  0.0000000e+000  0.0000000e+000  0.0000000e+000  0.0000000e+000
  0.0000000e+000  0.0000000e+000  0.0000000e+000  0.0000000e+000
  0.0000000e+000  0.0000000e+000  0.0000000e+000  0.0000000e+000
  0.0000000e+000  0.0000000e+000  0.0000000e+000  0.0000000e+000
  0.0000000e+000  0.0000000e+000  0.0000000e+000  0.0000000e+000
  0.0000000e+000  0.0000000e+000  0.0000000e+000  0.0000000e+000
  0.0000000e+000  0.0000000e+000  0.0000000e+000  0.0000000e+000
  0.0000000e+000  0.0000000e+000  0.0000000e+000  0.0000000e+000
  0.0000000e+000  0.0000000e+000  0.0000000e+000  0.0000000e+000
  0.0000000e+000  0.0000000e+000  0.0000000e+000  0.0000000e+000
  0.0000000e+000  0.0000000e+000  0.0000000e+000  0.0000000e+000
  0.0000000e+000  0.0000000e+000  0.0000000e+000  0.0000000e+000
  0.0000000e+000  0.0000000e+000  0.0000000e+000  0.0000000e+000
  0.0000000e+000  0.0000000e+000  0.0000000e+000  0.0000000e+000
  0.0000000e+000  0.0000000e+000  0.0000000e+000  0.0000000e+000
  0.0000000e+000  0.0000000e+000  0.0000000e+000  0.0000000e+000
  0.0000000e+000  0.0000000e+000  0.0000000e+000  0.0000000e+000
  0.0000000e+000  0.0000000e+000  0.0000000e+000  0.0000000e+000
  0.0000000e+000  0.0000000e+000  0.0000000e+000  0.0000000e+000
  0.0000000e+000  0.0000000e+000  0.0000000e+000  0.0000000e+000
  0.0000000e+000  0.0000000e+000  0.0000000e+000  0.0000000e+000
  0.0000000e+000  0.0000000e+000  0.0000000e+000  0.0000000e+000
  0.0000000e+000  0.0000000e+000  0.0000000e+000  0.0000000e+000
  0.0000000e+000  0.0000000e+000  0.0000000e+000  0.0000000e+000
  0.0000000e+000  0.0000000e+000  0.0000000e+000  0.0000000e+000
  0.0000000e+000  0.0000000e+000  0.0000000e+000  0.0000000e+000
  0.0000000e+000  0.0000000e+000  0.0000000e+000  0.0000000e+000
  0.0000000e+000  0.0000000e+000  0.0000000e+000  0.0000000e+000
  0.0000000e+000  0.0000000e+000  0.0000000e+000  0.0000000e+000
  0.0000000e+000  0.0000000e+000  0.0000000e+000  0.0000000e+000
  0.0000000e+000  0.0000000e+000  0.0000000e+000  0.0000000e+000
  0.0000000e+000  0.0000000e+000  0.0000000e+000  0.0000000e+000
  0.0000000e+000  0.0000000e+000  0.0000000e+000  0.0000000e+000
  0.0000000e+000  0.0000000e+000  0.0000000e+000  0.0000000e+000
  0.0000000e+000  0.0000000e+000  0.0000000e+000  0.0000000e+000
  0.0000000e+000  0.0000000e+000  0.0000000e+000  0.0000000e+000
  0.0000000e+000  0.0000000e+000  0.0000000e+000  0.0000000e+000
  0.0000000e+000  0.0000000e+000  0.0000000e+000  0.0000000e+000
  0.0000000e+000  0.0000000e+000  0.0000000e+000  0.0000000e+000
  0.0000000e+000  0.0000000e+000  0.0000000e+000  0.0000000e+000
  0.0000000e+000  0.0000000e+000  0.0000000e+000  0.0000000e+000
  0.0000000e+000  0.0000000e+000  0.0000000e+000  0.0000000e+000
  0.0000000e+000  0.0000000e+000  0.0000000e+000  0.0000000e+000
  0.0000000e+000  0.0000000e+000  0.0000000e+000  0.0000000e+000
  0.0000000e+000  0.0000000e+000  0.0000000e+000  0.0000000e+000
  0.0000000e+000  0.0000000e+000  0.0000000e+000  0.0000000e+000
  0.0000000e+000  0.0000000e+000  0.0000000e+000  0.0000000e+000
  0.0000000e+000  0.0000000e+000  0.0000000e+000  0.0000000e+000
  0.0000000e+000  0.0000000e+000  0.0000000e+000  0.0000000e+000
  0.0000000e+000  0.0000000e+000  0.0000000e+000  0.0000000e+000
  0.0000000e+000  0.0000000e+000  0.0000000e+000  0.0000000e+000
  0.0000000e+000  0.0000000e+000  0.0000000e+000  0.0000000e+000
  0.0000000e+000  0.0000000e+000  0.0000000e+000  0.0000000e+000
  0.0000000e+000  0.0000000e+000  0.0000000e+000  0.0000000e+000
  0.0000000e+000  0.0000000e+000  0.0000000e+000  0.0000000e+000
  0.0000000e+000  0.0000000e+000  0.0000000e+000  0.0000000e+000
  0.0000000e+000  0.0000000e+000  0.0000000e+000  0.0000000e+000
  0.0000000e+000  0.0000000e+000  0.0000000e+000  0.0000000e+000
  0.0000000e+000  0.0000000e+000  0.0000000e+000  0.0000000e+000
  0.0000000e+000  0.0000000e+000  0.0000000e+000  0.0000000e+000
  0.0000000e+000  0.0000000e+000  0.0000000e+000  0.0000000e+000
  0.0000000e+000  0.0000000e+000  0.0000000e+000  0.0000000e+000
  0.0000000e+000  0.0000000e+000  0.0000000e+000  0.0000000e+000
  0.0000000e+000  0.0000000e+000  0.0000000e+000  0.0000000e+000
  0.0000000e+000  0.0000000e+000  0.0000000e+000  0.0000000e+000
  0.0000000e+000  0.0000000e+000  0.0000000e+000  0.0000000e+000
  0.0000000e+000  0.0000000e+000  0.0000000e+000  0.0000000e+000
  0.0000000e+000  0.0000000e+000  0.0000000e+000  0.0000000e+000
  0.0000000e+000  0.0000000e+000  0.0000000e+000  0.0000000e+000
  0.0000000e+000  0.0000000e+000  0.0000000e+000  0.0000000e+000
  0.0000000e+000  0.0000000e+000  0.0000000e+000  0.0000000e+000
  0.0000000e+000  0.0000000e+000  0.0000000e+000  0.0000000e+000
  0.0000000e+000  0.0000000e+000  0.0000000e+000  0.0000000e+000
  0.0000000e+000  0.0000000e+000  0.0000000e+000  0.0000000e+000
  0.0000000e+000  0.0000000e+000  0.0000000e+000  0.0000000e+000
  0.0000000e+000  0.0000000e+000  0.0000000e+000  0.0000000e+000
  0.0000000e+000  0.0000000e+000  0.0000000e+000  0.0000000e+000
  0.0000000e+000  0.0000000e+000  0.0000000e+000  0.0000000e+000
  0.0000000e+000  0.0000000e+000  0.0000000e+000  0.0000000e+000
  0.0000000e+000  0.0000000e+000  0.0000000e+000  0.0000000e+000
  0.0000000e+000  0.0000000e+000  0.0000000e+000  0.0000000e+000
  0.0000000e+000  0.0000000e+000  0.0000000e+000  0.0000000e+000
  0.0000000e+000  0.0000000e+000  0.0000000e+000  0.0000000e+000
  0.0000000e+000  0.0000000e+000  0.0000000e+000  0.0000000e+000
  0.0000000e+000  0.0000000e+000  0.0000000e+000  0.0000000e+000
  0.0000000e+000  0.0000000e+000  0.0000000e+000  0.0000000e+000
  0.0000000e+000  0.0000000e+000  0.0000000e+000  0.0000000e+000
  0.0000000e+000  0.0000000e+000  0.0000000e+000  0.0000000e+000
  0.0000000e+000  0.0000000e+000  0.0000000e+000  0.0000000e+000
  0.0000000e+000  0.0000000e+000  0.0000000e+000  0.0000000e+000
  0.0000000e+000  0.0000000e+000  0.0000000e+000  0.0000000e+000
  0.0000000e+000  0.0000000e+000  0.0000000e+000  0.0000000e+000
  0.0000000e+000  0.0000000e+000  0.0000000e+000  0.0000000e+000
  0.0000000e+000  0.0000000e+000  0.0000000e+000  0.0000000e+000
  0.0000000e+000  0.0000000e+000  0.0000000e+000  0.0000000e+000
  0.0000000e+000  0.0000000e+000  0.0000000e+000  0.0000000e+000
  0.0000000e+000  0.0000000e+000  0.0000000e+000  0.0000000e+000
  0.0000000e+000  0.0000000e+000  0.0000000e+000  0.0000000e+000
  0.0000000e+000  0.0000000e+000  0.0000000e+000  0.0000000e+000
  0.0000000e+000  0.0000000e+000  0.0000000e+000  0.0000000e+000
  0.0000000e+000  0.0000000e+000  0.0000000e+000  0.0000000e+000
  0.0000000e+000  0.0000000e+000  0.0000000e+000  0.0000000e+000
  0.0000000e+000  0.0000000e+000  0.0000000e+000  0.0000000e+000
  0.0000000e+000  0.0000000e+000  0.0000000e+000  0.0000000e+000
  0.0000000e+000  0.0000000e+000  0.0000000e+000  0.0000000e+000
  0.0000000e+000  0.0000000e+000  0.0000000e+000  0.0000000e+000
  0.0000000e+000  0.0000000e+000  0.0000000e+000  0.0000000e+000
  0.0000000e+000  0.0000000e+000  0.0000000e+000  0.0000000e+000
  0.0000000e+000  0.0000000e+000  0.0000000e+000  0.0000000e+000
  0.0000000e+000  0.0000000e+000  0.0000000e+000  0.0000000e+000
  0.0000000e+000  0.0000000e+000  0.0000000e+000  0.0000000e+000
  0.0000000e+000  0.0000000e+000  0.0000000e+000  0.0000000e+000
  0.0000000e+000  0.0000000e+000  0.0000000e+000  0.0000000e+000
  0.0000000e+000  0.0000000e+000  0.0000000e+000  0.0000000e+000
  0.0000000e+000  0.0000000e+000  0.0000000e+000  0.0000000e+000
  0.0000000e+000  0.0000000e+000  0.0000000e+000  0.0000000e+000
  0.0000000e+000  0.0000000e+000  0.0000000e+000  0.0000000e+000
  0.0000000e+000  0.0000000e+000  0.0000000e+000  0.0000000e+000
  0.0000000e+000  0.0000000e+000  0.0000000e+000  0.0000000e+000
  0.0000000e+000  0.0000000e+000  0.0000000e+000  0.0000000e+000
  0.0000000e+000  0.0000000e+000  0.0000000e+000  0.0000000e+000
  0.0000000e+000  0.0000000e+000  0.0000000e+000  0.0000000e+000
  0.0000000e+000  0.0000000e+000  0.0000000e+000  0.0000000e+000
  0.0000000e+000  0.0000000e+000  0.0000000e+000  0.0000000e+000
  0.0000000e+000  0.0000000e+000  0.0000000e+000  0.0000000e+000
  0.0000000e+000  0.0000000e+000  0.0000000e+000  0.0000000e+000
  0.0000000e+000  0.0000000e+000  0.0000000e+000  0.0000000e+000
  0.0000000e+000  0.0000000e+000  0.0000000e+000  0.0000000e+000
  0.0000000e+000  0.0000000e+000  0.0000000e+000  0.0000000e+000
  0.0000000e+000  0.0000000e+000  0.0000000e+000  0.0000000e+000
  0.0000000e+000  0.0000000e+000  0.0000000e+000  0.0000000e+000
  0.0000000e+000  0.0000000e+000  0.0000000e+000  0.0000000e+000
  0.0000000e+000  0.0000000e+000  0.0000000e+000  0.0000000e+000
  0.0000000e+000  0.0000000e+000  0.0000000e+000  0.0000000e+000
  0.0000000e+000  0.0000000e+000  0.0000000e+000  0.0000000e+000
  0.0000000e+000  0.0000000e+000  0.0000000e+000  0.0000000e+000
  0.0000000e+000  0.0000000e+000  0.0000000e+000  0.0000000e+000
  0.0000000e+000  0.0000000e+000  0.0000000e+000  0.0000000e+000
  0.0000000e+000  0.0000000e+000  0.0000000e+000  0.0000000e+000
  0.0000000e+000  0.0000000e+000  0.0000000e+000  0.0000000e+000
  0.0000000e+000  0.0000000e+000  0.0000000e+000  0.0000000e+000
  0.0000000e+000  0.0000000e+000  0.0000000e+000  0.0000000e+000
  0.0000000e+000  0.0000000e+000  0.0000000e+000  0.0000000e+000
  0.0000000e+000  0.0000000e+000  0.0000000e+000  0.0000000e+000
  0.0000000e+000  0.0000000e+000  0.0000000e+000  0.0000000e+000
  0.0000000e+000  0.0000000e+000  0.0000000e+000  0.0000000e+000
  0.0000000e+000  0.0000000e+000  0.0000000e+000  0.0000000e+000
  0.0000000e+000  0.0000000e+000  0.0000000e+000  0.0000000e+000
  0.0000000e+000  0.0000000e+000  0.0000000e+000  0.0000000e+000
  0.0000000e+000  0.0000000e+000  0.0000000e+000  0.0000000e+000
  0.0000000e+000  0.0000000e+000  0.0000000e+000  0.0000000e+000
  0.0000000e+000  0.0000000e+000  0.0000000e+000  0.0000000e+000
  0.0000000e+000  0.0000000e+000  0.0000000e+000  0.0000000e+000
  0.0000000e+000  0.0000000e+000  0.0000000e+000  0.0000000e+000
  0.0000000e+000  0.0000000e+000  0.0000000e+000  0.0000000e+000
  0.0000000e+000  0.0000000e+000  0.0000000e+000  0.0000000e+000
  0.0000000e+000  0.0000000e+000  0.0000000e+000  0.0000000e+000
  0.0000000e+000  0.0000000e+000  0.0000000e+000  0.0000000e+000
  0.0000000e+000  0.0000000e+000  0.0000000e+000  0.0000000e+000
  0.0000000e+000  0.0000000e+000  0.0000000e+000  0.0000000e+000
  0.0000000e+000  0.0000000e+000  0.0000000e+000  0.0000000e+000
  0.0000000e+000  0.0000000e+000  0.0000000e+000  0.0000000e+000
  0.0000000e+000  0.0000000e+000  0.0000000e+000  0.0000000e+000
  0.0000000e+000  0.0000000e+000  0.0000000e+000  0.0000000e+000
  0.0000000e+000  0.0000000e+000  0.0000000e+000  0.0000000e+000
  0.0000000e+000  0.0000000e+000  0.0000000e+000  0.0000000e+000
  0.0000000e+000  0.0000000e+000  0.0000000e+000  0.0000000e+000
  0.0000000e+000  0.0000000e+000  0.0000000e+000  0.0000000e+000
  0.0000000e+000  0.0000000e+000  0.0000000e+000  0.0000000e+000
  0.0000000e+000  0.0000000e+000  0.0000000e+000  0.0000000e+000
  0.0000000e+000  0.0000000e+000  0.0000000e+000  0.0000000e+000
  0.0000000e+000  0.0000000e+000  0.0000000e+000  0.0000000e+000
  0.0000000e+000  0.0000000e+000  0.0000000e+000  0.0000000e+000
  0.0000000e+000  0.0000000e+000  0.0000000e+000  0.0000000e+000
  0.0000000e+000  0.0000000e+000  0.0000000e+000  0.0000000e+000
  0.0000000e+000  0.0000000e+000  0.0000000e+000  0.0000000e+000
  0.0000000e+000  0.0000000e+000  0.0000000e+000  0.0000000e+000
  0.0000000e+000  0.0000000e+000  0.0000000e+000  0.0000000e+000
  0.0000000e+000  0.0000000e+000  0.0000000e+000  0.0000000e+000
  0.0000000e+000  0.0000000e+000  0.0000000e+000  0.0000000e+000
  0.0000000e+000  0.0000000e+000  0.0000000e+000  0.0000000e+000
  0.0000000e+000  0.0000000e+000  0.0000000e+000  0.0000000e+000
  0.0000000e+000  0.0000000e+000  0.0000000e+000  0.0000000e+000
  0.0000000e+000  0.0000000e+000  0.0000000e+000  0.0000000e+000
  0.0000000e+000  0.0000000e+000  0.0000000e+000  0.0000000e+000
  0.0000000e+000  0.0000000e+000  0.0000000e+000  0.0000000e+000
  0.0000000e+000  0.0000000e+000  0.0000000e+000  0.0000000e+000
  0.0000000e+000  0.0000000e+000  0.0000000e+000  0.0000000e+000
  0.0000000e+000  0.0000000e+000  0.0000000e+000  0.0000000e+000
  0.0000000e+000  0.0000000e+000  0.0000000e+000  0.0000000e+000
  0.0000000e+000  0.0000000e+000  0.0000000e+000  0.0000000e+000
  0.0000000e+000  0.0000000e+000  0.0000000e+000  0.0000000e+000
  0.0000000e+000  0.0000000e+000  0.0000000e+000  0.0000000e+000
  0.0000000e+000  0.0000000e+000  0.0000000e+000  0.0000000e+000
  0.0000000e+000  0.0000000e+000  0.0000000e+000  0.0000000e+000
  0.0000000e+000  0.0000000e+000  0.0000000e+000  0.0000000e+000
  0.0000000e+000  0.0000000e+000  0.0000000e+000  0.0000000e+000
  0.0000000e+000  0.0000000e+000  0.0000000e+000  0.0000000e+000
  0.0000000e+000  0.0000000e+000  0.0000000e+000  0.0000000e+000
  0.0000000e+000  0.0000000e+000  0.0000000e+000  0.0000000e+000
  0.0000000e+000  0.0000000e+000  0.0000000e+000  0.0000000e+000
  0.0000000e+000  0.0000000e+000  0.0000000e+000  0.0000000e+000
  0.0000000e+000  0.0000000e+000  0.0000000e+000  0.0000000e+000
  0.0000000e+000  0.0000000e+000  0.0000000e+000  0.0000000e+000
  0.0000000e+000  0.0000000e+000  0.0000000e+000  0.0000000e+000
  0.0000000e+000  0.0000000e+000  0.0000000e+000  0.0000000e+000
  0.0000000e+000  0.0000000e+000  0.0000000e+000  0.0000000e+000
  0.0000000e+000  0.0000000e+000  0.0000000e+000  0.0000000e+000
  0.0000000e+000  0.0000000e+000  0.0000000e+000  0.0000000e+000
  0.0000000e+000  0.0000000e+000  0.0000000e+000  0.0000000e+000
  0.0000000e+000  0.0000000e+000  0.0000000e+000  0.0000000e+000
  0.0000000e+000  0.0000000e+000  0.0000000e+000  0.0000000e+000
  0.0000000e+000  0.0000000e+000  0.0000000e+000  0.0000000e+000
  0.0000000e+000  0.0000000e+000  0.0000000e+000  0.0000000e+000
  0.0000000e+000  0.0000000e+000  0.0000000e+000  0.0000000e+000
  0.0000000e+000  0.0000000e+000  0.0000000e+000  0.0000000e+000
  0.0000000e+000  0.0000000e+000  0.0000000e+000  0.0000000e+000
  0.0000000e+000  0.0000000e+000  0.0000000e+000  0.0000000e+000
  0.0000000e+000  0.0000000e+000  0.0000000e+000  0.0000000e+000
  0.0000000e+000  0.0000000e+000  0.0000000e+000  0.0000000e+000
  0.0000000e+000  0.0000000e+000  0.0000000e+000  0.0000000e+000
  0.0000000e+000  0.0000000e+000  0.0000000e+000  0.0000000e+000
  0.0000000e+000  0.0000000e+000  0.0000000e+000  0.0000000e+000
  0.0000000e+000  0.0000000e+000  0.0000000e+000  0.0000000e+000
  0.0000000e+000  0.0000000e+000  0.0000000e+000  0.0000000e+000
  0.0000000e+000  0.0000000e+000  0.0000000e+000  0.0000000e+000
  0.0000000e+000  0.0000000e+000  0.0000000e+000  0.0000000e+000
  0.0000000e+000  0.0000000e+000  0.0000000e+000  0.0000000e+000
  0.0000000e+000  0.0000000e+000  0.0000000e+000  0.0000000e+000
  0.0000000e+000  0.0000000e+000  0.0000000e+000  0.0000000e+000
  0.0000000e+000  0.0000000e+000  0.0000000e+000  0.0000000e+000
  0.0000000e+000  0.0000000e+000  0.0000000e+000  0.0000000e+000
  0.0000000e+000  0.0000000e+000  0.0000000e+000  0.0000000e+000
  0.0000000e+000  0.0000000e+000  0.0000000e+000  0.0000000e+000
  0.0000000e+000  0.0000000e+000  0.0000000e+000  0.0000000e+000
  0.0000000e+000  0.0000000e+000  0.0000000e+000  0.0000000e+000
  0.0000000e+000  0.0000000e+000  0.0000000e+000  0.0000000e+000
  0.0000000e+000  0.0000000e+000  0.0000000e+000  0.0000000e+000
  0.0000000e+000  0.0000000e+000  0.0000000e+000  0.0000000e+000
  0.0000000e+000  0.0000000e+000  0.0000000e+000  0.0000000e+000
  0.0000000e+000  0.0000000e+000  0.0000000e+000  0.0000000e+000
  0.0000000e+000  0.0000000e+000  0.0000000e+000  0.0000000e+000
  0.0000000e+000  0.0000000e+000  0.0000000e+000  0.0000000e+000
  0.0000000e+000  0.0000000e+000  0.0000000e+000  0.0000000e+000
  0.0000000e+000  0.0000000e+000  0.0000000e+000  0.0000000e+000
  0.0000000e+000  0.0000000e+000  0.0000000e+000  0.0000000e+000
  0.0000000e+000  0.0000000e+000  0.0000000e+000  0.0000000e+000
  0.0000000e+000  0.0000000e+000  0.0000000e+000  0.0000000e+000
  0.0000000e+000  0.0000000e+000  0.0000000e+000  0.0000000e+000
  0.0000000e+000  0.0000000e+000  0.0000000e+000  0.0000000e+000
  0.0000000e+000  0.0000000e+000  0.0000000e+000  0.0000000e+000
  0.0000000e+000  0.0000000e+000  0.0000000e+000  0.0000000e+000
  0.0000000e+000  0.0000000e+000  0.0000000e+000  0.0000000e+000
  0.0000000e+000  0.0000000e+000  0.0000000e+000  0.0000000e+000
  0.0000000e+000  0.0000000e+000  0.0000000e+000  0.0000000e+000
  0.0000000e+000  0.0000000e+000  0.0000000e+000  0.0000000e+000
  0.0000000e+000  0.0000000e+000  0.0000000e+000  0.0000000e+000
  0.0000000e+000  0.0000000e+000  0.0000000e+000  0.0000000e+000
  0.0000000e+000  0.0000000e+000  0.0000000e+000  0.0000000e+000
  0.0000000e+000  0.0000000e+000  0.0000000e+000  0.0000000e+000
  0.0000000e+000  0.0000000e+000  0.0000000e+000  0.0000000e+000
  0.0000000e+000  0.0000000e+000  0.0000000e+000  0.0000000e+000
  0.0000000e+000  0.0000000e+000  0.0000000e+000  0.0000000e+000
  0.0000000e+000  0.0000000e+000  0.0000000e+000  0.0000000e+000
  0.0000000e+000  0.0000000e+000  0.0000000e+000  0.0000000e+000
  0.0000000e+000  0.0000000e+000  0.0000000e+000  0.0000000e+000
  0.0000000e+000  0.0000000e+000  0.0000000e+000  0.0000000e+000
  0.0000000e+000  0.0000000e+000  0.0000000e+000  0.0000000e+000
  0.0000000e+000  0.0000000e+000  0.0000000e+000  0.0000000e+000
  0.0000000e+000  0.0000000e+000  0.0000000e+000  0.0000000e+000
  0.0000000e+000  0.0000000e+000  0.0000000e+000  0.0000000e+000
  0.0000000e+000  0.0000000e+000  0.0000000e+000  0.0000000e+000
  0.0000000e+000  0.0000000e+000  0.0000000e+000  0.0000000e+000
  0.0000000e+000  0.0000000e+000  0.0000000e+000  0.0000000e+000
  0.0000000e+000  0.0000000e+000  0.0000000e+000  0.0000000e+000
  0.0000000e+000  0.0000000e+000  0.0000000e+000  0.0000000e+000
  0.0000000e+000  0.0000000e+000  0.0000000e+000  0.0000000e+000
  0.0000000e+000  0.0000000e+000  0.0000000e+000  0.0000000e+000
  0.0000000e+000  0.0000000e+000  0.0000000e+000  0.0000000e+000
  0.0000000e+000  0.0000000e+000  0.0000000e+000  0.0000000e+000
  0.0000000e+000  0.0000000e+000  0.0000000e+000  0.0000000e+000
  0.0000000e+000  0.0000000e+000  0.0000000e+000  0.0000000e+000
  0.0000000e+000  0.0000000e+000  0.0000000e+000  0.0000000e+000
  0.0000000e+000  0.0000000e+000  0.0000000e+000  0.0000000e+000
  0.0000000e+000  0.0000000e+000  0.0000000e+000  0.0000000e+000
  0.0000000e+000  0.0000000e+000  0.0000000e+000  0.0000000e+000
  0.0000000e+000  0.0000000e+000  0.0000000e+000  0.0000000e+000
  0.0000000e+000  0.0000000e+000  0.0000000e+000  0.0000000e+000
  0.0000000e+000  0.0000000e+000  0.0000000e+000  0.0000000e+000
  0.0000000e+000  0.0000000e+000  0.0000000e+000  0.0000000e+000
  0.0000000e+000  0.0000000e+000  0.0000000e+000  0.0000000e+000
  0.0000000e+000  0.0000000e+000  0.0000000e+000  0.0000000e+000
  0.0000000e+000  0.0000000e+000  0.0000000e+000  0.0000000e+000
  0.0000000e+000  0.0000000e+000  0.0000000e+000  0.0000000e+000
  0.0000000e+000  0.0000000e+000  0.0000000e+000  0.0000000e+000
  0.0000000e+000  0.0000000e+000  0.0000000e+000  0.0000000e+000
  0.0000000e+000  0.0000000e+000  0.0000000e+000  0.0000000e+000
  0.0000000e+000  0.0000000e+000  0.0000000e+000  0.0000000e+000
  0.0000000e+000  0.0000000e+000  0.0000000e+000  0.0000000e+000
  0.0000000e+000  0.0000000e+000  0.0000000e+000  0.0000000e+000
  0.0000000e+000  0.0000000e+000  0.0000000e+000  0.0000000e+000
  0.0000000e+000  0.0000000e+000  0.0000000e+000  0.0000000e+000
  0.0000000e+000  0.0000000e+000  0.0000000e+000  0.0000000e+000
  0.0000000e+000  0.0000000e+000  0.0000000e+000  0.0000000e+000
  0.0000000e+000  0.0000000e+000  0.0000000e+000  0.0000000e+000
  0.0000000e+000  0.0000000e+000  0.0000000e+000  0.0000000e+000
  0.0000000e+000  0.0000000e+000  0.0000000e+000  0.0000000e+000
  0.0000000e+000  0.0000000e+000  0.0000000e+000  0.0000000e+000
  0.0000000e+000  0.0000000e+000  0.0000000e+000  0.0000000e+000
  0.0000000e+000  0.0000000e+000  0.0000000e+000  0.0000000e+000
  0.0000000e+000  0.0000000e+000  0.0000000e+000  0.0000000e+000
  0.0000000e+000  0.0000000e+000  0.0000000e+000  0.0000000e+000
  0.0000000e+000  0.0000000e+000  0.0000000e+000  0.0000000e+000
  0.0000000e+000  0.0000000e+000  0.0000000e+000  0.0000000e+000
  0.0000000e+000  0.0000000e+000  0.0000000e+000  0.0000000e+000
  0.0000000e+000  0.0000000e+000  0.0000000e+000  0.0000000e+000
  0.0000000e+000  0.0000000e+000  0.0000000e+000  0.0000000e+000
  0.0000000e+000  0.0000000e+000  0.0000000e+000  0.0000000e+000
  0.0000000e+000  0.0000000e+000  0.0000000e+000  0.0000000e+000
  0.0000000e+000  0.0000000e+000  0.0000000e+000  0.0000000e+000
  0.0000000e+000  0.0000000e+000  0.0000000e+000  0.0000000e+000
  0.0000000e+000  0.0000000e+000  0.0000000e+000  0.0000000e+000
  0.0000000e+000  0.0000000e+000  0.0000000e+000  0.0000000e+000
  0.0000000e+000  0.0000000e+000  0.0000000e+000  0.0000000e+000
  0.0000000e+000  0.0000000e+000  0.0000000e+000  0.0000000e+000
  0.0000000e+000  0.0000000e+000  0.0000000e+000  0.0000000e+000
  0.0000000e+000  0.0000000e+000  0.0000000e+000  0.0000000e+000
  0.0000000e+000  0.0000000e+000  0.0000000e+000  0.0000000e+000
  0.0000000e+000  0.0000000e+000  0.0000000e+000  0.0000000e+000
  0.0000000e+000  0.0000000e+000  0.0000000e+000  0.0000000e+000
  0.0000000e+000  0.0000000e+000  0.0000000e+000  0.0000000e+000
  0.0000000e+000  0.0000000e+000  0.0000000e+000  0.0000000e+000
  0.0000000e+000  0.0000000e+000  0.0000000e+000  0.0000000e+000
  0.0000000e+000  0.0000000e+000  0.0000000e+000  0.0000000e+000
  0.0000000e+000  0.0000000e+000  0.0000000e+000  0.0000000e+000
  0.0000000e+000  0.0000000e+000  0.0000000e+000  0.0000000e+000
  0.0000000e+000  0.0000000e+000  0.0000000e+000  0.0000000e+000
  0.0000000e+000  0.0000000e+000  0.0000000e+000  0.0000000e+000
  0.0000000e+000  0.0000000e+000  0.0000000e+000  0.0000000e+000
  0.0000000e+000  0.0000000e+000  0.0000000e+000  0.0000000e+000
  0.0000000e+000  0.0000000e+000  0.0000000e+000  0.0000000e+000
  0.0000000e+000  0.0000000e+000  0.0000000e+000  0.0000000e+000
  0.0000000e+000  0.0000000e+000  0.0000000e+000  0.0000000e+000
  0.0000000e+000  0.0000000e+000  0.0000000e+000  0.0000000e+000
  0.0000000e+000  0.0000000e+000  0.0000000e+000  0.0000000e+000
  0.0000000e+000  0.0000000e+000  0.0000000e+000  0.0000000e+000
  0.0000000e+000  0.0000000e+000  0.0000000e+000  0.0000000e+000
  0.0000000e+000  0.0000000e+000  0.0000000e+000  0.0000000e+000
  0.0000000e+000  0.0000000e+000  0.0000000e+000  0.0000000e+000
  0.0000000e+000  0.0000000e+000  0.0000000e+000  0.0000000e+000
  0.0000000e+000  0.0000000e+000  0.0000000e+000  0.0000000e+000
  0.0000000e+000  0.0000000e+000  0.0000000e+000  0.0000000e+000
  0.0000000e+000  0.0000000e+000  0.0000000e+000  0.0000000e+000
  0.0000000e+000  0.0000000e+000  0.0000000e+000  0.0000000e+000
  0.0000000e+000  0.0000000e+000  0.0000000e+000  0.0000000e+000
  0.0000000e+000  0.0000000e+000  0.0000000e+000  0.0000000e+000
  0.0000000e+000  0.0000000e+000  0.0000000e+000  0.0000000e+000
  0.0000000e+000  0.0000000e+000  0.0000000e+000  0.0000000e+000
  0.0000000e+000  0.0000000e+000  0.0000000e+000  0.0000000e+000
  0.0000000e+000  0.0000000e+000  0.0000000e+000  0.0000000e+000
  0.0000000e+000  0.0000000e+000  0.0000000e+000  0.0000000e+000
  0.0000000e+000  0.0000000e+000  0.0000000e+000  0.0000000e+000
  0.0000000e+000  0.0000000e+000  0.0000000e+000  0.0000000e+000
  0.0000000e+000  0.0000000e+000  0.0000000e+000  0.0000000e+000
  0.0000000e+000  0.0000000e+000  0.0000000e+000  0.0000000e+000
  0.0000000e+000  0.0000000e+000  0.0000000e+000  0.0000000e+000
  0.0000000e+000  0.0000000e+000  0.0000000e+000  0.0000000e+000
  0.0000000e+000  0.0000000e+000  0.0000000e+000  0.0000000e+000
  0.0000000e+000  0.0000000e+000  0.0000000e+000  0.0000000e+000
  0.0000000e+000  0.0000000e+000  0.0000000e+000  0.0000000e+000
  0.0000000e+000  0.0000000e+000  0.0000000e+000  0.0000000e+000
  0.0000000e+000  0.0000000e+000  0.0000000e+000  0.0000000e+000
  0.0000000e+000  0.0000000e+000  0.0000000e+000  0.0000000e+000
  0.0000000e+000  0.0000000e+000  0.0000000e+000  0.0000000e+000
  0.0000000e+000  0.0000000e+000  0.0000000e+000  0.0000000e+000
  0.0000000e+000  0.0000000e+000  0.0000000e+000  0.0000000e+000
  0.0000000e+000  0.0000000e+000  0.0000000e+000  0.0000000e+000
  0.0000000e+000  0.0000000e+000  0.0000000e+000  0.0000000e+000
  0.0000000e+000  0.0000000e+000  0.0000000e+000  0.0000000e+000
  0.0000000e+000  0.0000000e+000  0.0000000e+000  0.0000000e+000
  0.0000000e+000  0.0000000e+000  0.0000000e+000  0.0000000e+000
  0.0000000e+000  0.0000000e+000  0.0000000e+000  0.0000000e+000
  0.0000000e+000  0.0000000e+000  0.0000000e+000  0.0000000e+000
  0.0000000e+000  0.0000000e+000  0.0000000e+000  0.0000000e+000
  0.0000000e+000  0.0000000e+000  0.0000000e+000  0.0000000e+000
  0.0000000e+000  0.0000000e+000  0.0000000e+000  0.0000000e+000
  0.0000000e+000  0.0000000e+000  0.0000000e+000  0.0000000e+000
  0.0000000e+000  0.0000000e+000  0.0000000e+000  0.0000000e+000
  0.0000000e+000  0.0000000e+000  0.0000000e+000  0.0000000e+000
  0.0000000e+000  0.0000000e+000  0.0000000e+000  0.0000000e+000
  0.0000000e+000  0.0000000e+000  0.0000000e+000  0.0000000e+000
  0.0000000e+000  0.0000000e+000  0.0000000e+000  0.0000000e+000
  0.0000000e+000  0.0000000e+000  0.0000000e+000  0.0000000e+000
  0.0000000e+000  0.0000000e+000  0.0000000e+000  0.0000000e+000
  0.0000000e+000  0.0000000e+000  0.0000000e+000  0.0000000e+000
  0.0000000e+000  0.0000000e+000  0.0000000e+000  0.0000000e+000
  0.0000000e+000  0.0000000e+000  0.0000000e+000  0.0000000e+000
  0.0000000e+000  0.0000000e+000  0.0000000e+000  0.0000000e+000
  0.0000000e+000  0.0000000e+000  0.0000000e+000  0.0000000e+000
  0.0000000e+000  0.0000000e+000  0.0000000e+000  0.0000000e+000
  0.0000000e+000  0.0000000e+000  0.0000000e+000  0.0000000e+000
  0.0000000e+000  0.0000000e+000  0.0000000e+000  0.0000000e+000
  0.0000000e+000  0.0000000e+000  0.0000000e+000  0.0000000e+000
  0.0000000e+000  0.0000000e+000  0.0000000e+000  0.0000000e+000
  0.0000000e+000  0.0000000e+000  0.0000000e+000  0.0000000e+000
  0.0000000e+000  0.0000000e+000  0.0000000e+000  0.0000000e+000
  0.0000000e+000  0.0000000e+000  0.0000000e+000  0.0000000e+000
  0.0000000e+000  0.0000000e+000  0.0000000e+000  0.0000000e+000
  0.0000000e+000  0.0000000e+000  0.0000000e+000  0.0000000e+000
  0.0000000e+000  0.0000000e+000  0.0000000e+000  0.0000000e+000
  0.0000000e+000  0.0000000e+000  0.0000000e+000  0.0000000e+000
  0.0000000e+000  0.0000000e+000  0.0000000e+000  0.0000000e+000
  0.0000000e+000  0.0000000e+000  0.0000000e+000  0.0000000e+000
  0.0000000e+000  0.0000000e+000  0.0000000e+000  0.0000000e+000
  0.0000000e+000  0.0000000e+000  0.0000000e+000  0.0000000e+000
  0.0000000e+000  0.0000000e+000  0.0000000e+000  0.0000000e+000
  0.0000000e+000  0.0000000e+000  0.0000000e+000  0.0000000e+000
  0.0000000e+000  0.0000000e+000  0.0000000e+000  0.0000000e+000
  0.0000000e+000  0.0000000e+000  0.0000000e+000  0.0000000e+000
  0.0000000e+000  0.0000000e+000  0.0000000e+000  0.0000000e+000
  0.0000000e+000  0.0000000e+000  0.0000000e+000  0.0000000e+000
  0.0000000e+000  0.0000000e+000  0.0000000e+000  0.0000000e+000
  0.0000000e+000  0.0000000e+000  0.0000000e+000  0.0000000e+000
  0.0000000e+000  0.0000000e+000  0.0000000e+000  0.0000000e+000
  0.0000000e+000  0.0000000e+000  0.0000000e+000  0.0000000e+000
  0.0000000e+000  0.0000000e+000  0.0000000e+000  0.0000000e+000
  0.0000000e+000  0.0000000e+000  0.0000000e+000  0.0000000e+000
  0.0000000e+000  0.0000000e+000  0.0000000e+000  0.0000000e+000
  0.0000000e+000  0.0000000e+000  0.0000000e+000  0.0000000e+000
  0.0000000e+000  0.0000000e+000  0.0000000e+000  0.0000000e+000
  0.0000000e+000  0.0000000e+000  0.0000000e+000  0.0000000e+000
  0.0000000e+000  0.0000000e+000  0.0000000e+000  0.0000000e+000
  0.0000000e+000  0.0000000e+000  0.0000000e+000  0.0000000e+000
  0.0000000e+000  0.0000000e+000  0.0000000e+000  0.0000000e+000
  0.0000000e+000  0.0000000e+000  0.0000000e+000  0.0000000e+000
  0.0000000e+000  0.0000000e+000  0.0000000e+000  0.0000000e+000
  0.0000000e+000  0.0000000e+000  0.0000000e+000  0.0000000e+000
  0.0000000e+000  0.0000000e+000  0.0000000e+000  0.0000000e+000
  0.0000000e+000  0.0000000e+000  0.0000000e+000  0.0000000e+000
  0.0000000e+000  0.0000000e+000  0.0000000e+000  0.0000000e+000
  0.0000000e+000  0.0000000e+000  0.0000000e+000  0.0000000e+000
  0.0000000e+000  0.0000000e+000  0.0000000e+000  0.0000000e+000
  0.0000000e+000  0.0000000e+000  0.0000000e+000  0.0000000e+000
  0.0000000e+000  0.0000000e+000  0.0000000e+000  0.0000000e+000
  0.0000000e+000  0.0000000e+000  0.0000000e+000  0.0000000e+000
  0.0000000e+000  0.0000000e+000  0.0000000e+000  0.0000000e+000
  0.0000000e+000  0.0000000e+000  0.0000000e+000  0.0000000e+000
  0.0000000e+000  0.0000000e+000  0.0000000e+000  0.0000000e+000
  0.0000000e+000  0.0000000e+000  0.0000000e+000  0.0000000e+000
  0.0000000e+000  0.0000000e+000  0.0000000e+000  0.0000000e+000
  0.0000000e+000  0.0000000e+000  0.0000000e+000  0.0000000e+000
  0.0000000e+000  0.0000000e+000  0.0000000e+000  0.0000000e+000
  0.0000000e+000  0.0000000e+000  0.0000000e+000  0.0000000e+000
  0.0000000e+000  0.0000000e+000  0.0000000e+000  0.0000000e+000
  0.0000000e+000  0.0000000e+000  0.0000000e+000  0.0000000e+000
  0.0000000e+000  0.0000000e+000  0.0000000e+000  0.0000000e+000
  0.0000000e+000  0.0000000e+000  0.0000000e+000  0.0000000e+000
  0.0000000e+000  0.0000000e+000  0.0000000e+000  0.0000000e+000
  0.0000000e+000  0.0000000e+000  0.0000000e+000  0.0000000e+000
  0.0000000e+000  0.0000000e+000  0.0000000e+000  0.0000000e+000
  0.0000000e+000  0.0000000e+000  0.0000000e+000  0.0000000e+000
  0.0000000e+000  0.0000000e+000  0.0000000e+000  0.0000000e+000
  0.0000000e+000  0.0000000e+000  0.0000000e+000  0.0000000e+000
  0.0000000e+000  0.0000000e+000  0.0000000e+000  0.0000000e+000
  0.0000000e+000  0.0000000e+000  0.0000000e+000  0.0000000e+000
  0.0000000e+000  0.0000000e+000  0.0000000e+000  0.0000000e+000
  0.0000000e+000  0.0000000e+000  0.0000000e+000  0.0000000e+000
  0.0000000e+000  0.0000000e+000  0.0000000e+000  0.0000000e+000
  0.0000000e+000  0.0000000e+000  0.0000000e+000  0.0000000e+000
  0.0000000e+000  0.0000000e+000  0.0000000e+000  0.0000000e+000
  0.0000000e+000  0.0000000e+000  0.0000000e+000  0.0000000e+000
  0.0000000e+000  0.0000000e+000  0.0000000e+000  0.0000000e+000
  0.0000000e+000  0.0000000e+000  0.0000000e+000  0.0000000e+000
  0.0000000e+000  0.0000000e+000  0.0000000e+000  0.0000000e+000
  0.0000000e+000  0.0000000e+000  0.0000000e+000  0.0000000e+000
  0.0000000e+000  0.0000000e+000  0.0000000e+000  0.0000000e+000
  0.0000000e+000  0.0000000e+000  0.0000000e+000  0.0000000e+000
  0.0000000e+000  0.0000000e+000  0.0000000e+000  0.0000000e+000
  0.0000000e+000  0.0000000e+000  0.0000000e+000  0.0000000e+000
  0.0000000e+000  0.0000000e+000  0.0000000e+000  0.0000000e+000
  0.0000000e+000  0.0000000e+000  0.0000000e+000  0.0000000e+000
  0.0000000e+000  0.0000000e+000  0.0000000e+000  0.0000000e+000
  0.0000000e+000  0.0000000e+000  0.0000000e+000  0.0000000e+000
  0.0000000e+000  0.0000000e+000  0.0000000e+000  0.0000000e+000
  0.0000000e+000  0.0000000e+000  0.0000000e+000  0.0000000e+000
  0.0000000e+000  0.0000000e+000  0.0000000e+000  0.0000000e+000
  0.0000000e+000  0.0000000e+000  0.0000000e+000  0.0000000e+000
  0.0000000e+000  0.0000000e+000  0.0000000e+000  0.0000000e+000
  0.0000000e+000  0.0000000e+000  0.0000000e+000  0.0000000e+000
  0.0000000e+000  0.0000000e+000  0.0000000e+000  0.0000000e+000
  0.0000000e+000  0.0000000e+000  0.0000000e+000  0.0000000e+000
  0.0000000e+000  0.0000000e+000  0.0000000e+000  0.0000000e+000
  0.0000000e+000  0.0000000e+000  0.0000000e+000  0.0000000e+000
  0.0000000e+000  0.0000000e+000  0.0000000e+000  0.0000000e+000
  0.0000000e+000  0.0000000e+000  0.0000000e+000  0.0000000e+000
  0.0000000e+000  0.0000000e+000  0.0000000e+000  0.0000000e+000
  0.0000000e+000  0.0000000e+000  0.0000000e+000  0.0000000e+000
  0.0000000e+000  0.0000000e+000  0.0000000e+000  0.0000000e+000
  0.0000000e+000  0.0000000e+000  0.0000000e+000  0.0000000e+000
  0.0000000e+000  0.0000000e+000  0.0000000e+000  0.0000000e+000
  0.0000000e+000  0.0000000e+000  0.0000000e+000  0.0000000e+000
  0.0000000e+000  0.0000000e+000  0.0000000e+000  0.0000000e+000
  0.0000000e+000  0.0000000e+000  0.0000000e+000  0.0000000e+000
  0.0000000e+000  0.0000000e+000  0.0000000e+000  0.0000000e+000
  0.0000000e+000  0.0000000e+000  0.0000000e+000  0.0000000e+000
  0.0000000e+000  0.0000000e+000  0.0000000e+000  0.0000000e+000
  0.0000000e+000  0.0000000e+000  0.0000000e+000  0.0000000e+000
  0.0000000e+000  0.0000000e+000  0.0000000e+000  0.0000000e+000
  0.0000000e+000  0.0000000e+000  0.0000000e+000  0.0000000e+000
  0.0000000e+000  0.0000000e+000  0.0000000e+000  0.0000000e+000
  0.0000000e+000  0.0000000e+000  0.0000000e+000  0.0000000e+000
  0.0000000e+000  0.0000000e+000  0.0000000e+000  0.0000000e+000
  0.0000000e+000  0.0000000e+000  0.0000000e+000  0.0000000e+000
  0.0000000e+000  0.0000000e+000  0.0000000e+000  0.0000000e+000
  0.0000000e+000  0.0000000e+000  0.0000000e+000  0.0000000e+000
  0.0000000e+000  0.0000000e+000  0.0000000e+000  0.0000000e+000
  0.0000000e+000  0.0000000e+000  0.0000000e+000  0.0000000e+000
  0.0000000e+000  0.0000000e+000  0.0000000e+000  0.0000000e+000
  0.0000000e+000  0.0000000e+000  0.0000000e+000  0.0000000e+000
  0.0000000e+000  0.0000000e+000  0.0000000e+000  0.0000000e+000
  0.0000000e+000  0.0000000e+000  0.0000000e+000  0.0000000e+000
  0.0000000e+000  0.0000000e+000  0.0000000e+000  0.0000000e+000
  0.0000000e+000  0.0000000e+000  0.0000000e+000  0.0000000e+000
  0.0000000e+000  0.0000000e+000  0.0000000e+000  0.0000000e+000
  0.0000000e+000  0.0000000e+000  0.0000000e+000  0.0000000e+000
  0.0000000e+000  0.0000000e+000  0.0000000e+000  0.0000000e+000
  0.0000000e+000  0.0000000e+000  0.0000000e+000  0.0000000e+000
  0.0000000e+000  0.0000000e+000  0.0000000e+000  0.0000000e+000
  0.0000000e+000  0.0000000e+000  0.0000000e+000  0.0000000e+000
  0.0000000e+000  0.0000000e+000  0.0000000e+000  0.0000000e+000
  0.0000000e+000  0.0000000e+000  0.0000000e+000  0.0000000e+000
  0.0000000e+000  0.0000000e+000  0.0000000e+000  0.0000000e+000
  0.0000000e+000  0.0000000e+000  0.0000000e+000  0.0000000e+000
  0.0000000e+000  0.0000000e+000  0.0000000e+000  0.0000000e+000
  0.0000000e+000  0.0000000e+000  0.0000000e+000  0.0000000e+000
  0.0000000e+000  0.0000000e+000  0.0000000e+000  0.0000000e+000
  0.0000000e+000  0.0000000e+000  0.0000000e+000  0.0000000e+000
  0.0000000e+000  0.0000000e+000  0.0000000e+000  0.0000000e+000
  0.0000000e+000  0.0000000e+000  0.0000000e+000  0.0000000e+000
  0.0000000e+000  0.0000000e+000  0.0000000e+000  0.0000000e+000
  0.0000000e+000  0.0000000e+000  0.0000000e+000  0.0000000e+000
  0.0000000e+000  0.0000000e+000  0.0000000e+000  0.0000000e+000
  0.0000000e+000  0.0000000e+000  0.0000000e+000  0.0000000e+000
  0.0000000e+000  0.0000000e+000  0.0000000e+000  0.0000000e+000
  0.0000000e+000  0.0000000e+000  0.0000000e+000  0.0000000e+000
  0.0000000e+000  0.0000000e+000  0.0000000e+000  0.0000000e+000
  0.0000000e+000  0.0000000e+000  0.0000000e+000  0.0000000e+000
  0.0000000e+000  0.0000000e+000  0.0000000e+000  0.0000000e+000
  0.0000000e+000  0.0000000e+000  0.0000000e+000  0.0000000e+000
  0.0000000e+000  0.0000000e+000  0.0000000e+000  0.0000000e+000
  0.0000000e+000  0.0000000e+000  0.0000000e+000  0.0000000e+000
  0.0000000e+000  0.0000000e+000  0.0000000e+000  0.0000000e+000
  0.0000000e+000  0.0000000e+000  0.0000000e+000  0.0000000e+000
  0.0000000e+000  0.0000000e+000  0.0000000e+000  0.0000000e+000
  0.0000000e+000  0.0000000e+000  0.0000000e+000  0.0000000e+000
  0.0000000e+000  0.0000000e+000  0.0000000e+000  0.0000000e+000
  0.0000000e+000  0.0000000e+000  0.0000000e+000  0.0000000e+000
  0.0000000e+000  0.0000000e+000  0.0000000e+000  0.0000000e+000
  0.0000000e+000  0.0000000e+000  0.0000000e+000  0.0000000e+000
  0.0000000e+000  0.0000000e+000  0.0000000e+000  0.0000000e+000
  0.0000000e+000  0.0000000e+000  0.0000000e+000  0.0000000e+000
  0.0000000e+000  0.0000000e+000  0.0000000e+000  0.0000000e+000
  0.0000000e+000  0.0000000e+000  0.0000000e+000  0.0000000e+000
  0.0000000e+000  0.0000000e+000  0.0000000e+000  0.0000000e+000
  0.0000000e+000  0.0000000e+000  0.0000000e+000  0.0000000e+000
  0.0000000e+000  0.0000000e+000  0.0000000e+000  0.0000000e+000
  0.0000000e+000  0.0000000e+000  0.0000000e+000  0.0000000e+000
  0.0000000e+000  0.0000000e+000  0.0000000e+000  0.0000000e+000
  0.0000000e+000  0.0000000e+000  0.0000000e+000  0.0000000e+000
  0.0000000e+000  0.0000000e+000  0.0000000e+000  0.0000000e+000
  0.0000000e+000  0.0000000e+000  0.0000000e+000  0.0000000e+000
  0.0000000e+000  0.0000000e+000  0.0000000e+000  0.0000000e+000
  0.0000000e+000  0.0000000e+000  0.0000000e+000  0.0000000e+000
  0.0000000e+000  0.0000000e+000  0.0000000e+000  0.0000000e+000
  0.0000000e+000  0.0000000e+000  0.0000000e+000  0.0000000e+000
  0.0000000e+000  0.0000000e+000  0.0000000e+000  0.0000000e+000
  0.0000000e+000  0.0000000e+000  0.0000000e+000  0.0000000e+000
  0.0000000e+000  0.0000000e+000  0.0000000e+000  0.0000000e+000
  0.0000000e+000  0.0000000e+000  0.0000000e+000  0.0000000e+000
  0.0000000e+000  0.0000000e+000  0.0000000e+000  0.0000000e+000
  0.0000000e+000  0.0000000e+000  0.0000000e+000  0.0000000e+000
  0.0000000e+000  0.0000000e+000  0.0000000e+000  0.0000000e+000
  0.0000000e+000  0.0000000e+000  0.0000000e+000  0.0000000e+000
  0.0000000e+000  0.0000000e+000  0.0000000e+000  0.0000000e+000
  0.0000000e+000  0.0000000e+000  0.0000000e+000  0.0000000e+000
  0.0000000e+000  0.0000000e+000  0.0000000e+000  0.0000000e+000
  0.0000000e+000  0.0000000e+000  0.0000000e+000  0.0000000e+000
  0.0000000e+000  0.0000000e+000  0.0000000e+000  0.0000000e+000
  0.0000000e+000  0.0000000e+000  0.0000000e+000  0.0000000e+000
  0.0000000e+000  0.0000000e+000  0.0000000e+000  0.0000000e+000
  0.0000000e+000  0.0000000e+000  0.0000000e+000  0.0000000e+000
  0.0000000e+000  0.0000000e+000  0.0000000e+000  0.0000000e+000
  0.0000000e+000  0.0000000e+000  0.0000000e+000  0.0000000e+000
  0.0000000e+000  0.0000000e+000  0.0000000e+000  0.0000000e+000
  0.0000000e+000  0.0000000e+000  0.0000000e+000  0.0000000e+000
  1.1700000e+002  9.0000000e+001  6.8400000e+002  1.0000000e+000
  1.5400000e+002  8.6000000e+001  6.6000000e+002  1.0000000e+000
  1.3200000e+002  8.1000000e+001  6.5600000e+002  0.0000000e+000
  1.3900000e+002  1.0400000e+002  6.8900000e+002  0.0000000e+000
  1.2100000e+002  1.2600000e+002  6.7200000e+002  6.5384600e-001
  1.5300000e+002  1.2700000e+002  6.5100000e+002  1.0000000e+000
  1.4100000e+002  1.2800000e+002  6.9000000e+002  0.0000000e+000
  1.1000000e+002  1.1900000e+002  6.9300000e+002  1.0000000e+000
  1.4700000e+002  1.0900000e+002  6.1800000e+002  1.0000000e+000
  1.1300000e+002  1.4900000e+002  6.6900000e+002  1.0000000e+000
  1.1800000e+002  1.2300000e+002  5.8000000e+002  1.0000000e+000
  1.1300000e+002  1.5600000e+002  6.6200000e+002  9.1346200e-001
  1.1000000e+002  1.2600000e+002  5.7200000e+002  1.0000000e+000
  1.2600000e+002  1.8500000e+002  6.7800000e+002  1.0000000e+000
  1.5000000e+002  1.8400000e+002  6.7500000e+002  1.0000000e+000
  1.2600000e+002  2.2900000e+002  6.8400000e+002  1.0000000e+000
  1.5000000e+002  2.2700000e+002  6.9200000e+002  1.0000000e+000
  1.1900000e+002  2.3700000e+002  6.4200000e+002  0.0000000e+000
  1.4500000e+002  2.3700000e+002  6.5000000e+002  0.0000000e+000
  1.3400000e+002  5.6000000e+001  6.6000000e+002  6.6826900e-001
  1.1600000e+002  9.0000000e+001  6.8400000e+002  1.0000000e+000
  1.5400000e+002  8.6000000e+001  6.6300000e+002  1.0000000e+000
  1.3200000e+002  8.1000000e+001  6.5700000e+002  0.0000000e+000
  1.3900000e+002  1.0400000e+002  6.9000000e+002  0.0000000e+000
  1.2000000e+002  1.2700000e+002  6.7000000e+002  8.8461500e-001
  1.5200000e+002  1.2600000e+002  6.5100000e+002  1.0000000e+000
  1.3900000e+002  1.2600000e+002  6.9000000e+002  0.0000000e+000
  1.1000000e+002  1.1900000e+002  6.8900000e+002  1.0000000e+000
  1.4900000e+002  1.0900000e+002  6.2100000e+002  1.0000000e+000
  1.1200000e+002  1.4900000e+002  6.6600000e+002  1.0000000e+000
  1.2100000e+002  1.2200000e+002  5.8000000e+002  1.0000000e+000
  1.1400000e+002  1.5600000e+002  6.5900000e+002  1.0000000e+000
  1.1400000e+002  1.2700000e+002  5.7100000e+002  1.0000000e+000
  1.2500000e+002  1.8500000e+002  6.7400000e+002  1.0000000e+000
  1.5000000e+002  1.8400000e+002  6.7300000e+002  1.0000000e+000
  1.2600000e+002  2.2900000e+002  6.8200000e+002  1.0000000e+000
  1.5100000e+002  2.2600000e+002  6.9100000e+002  1.0000000e+000
  1.1800000e+002  2.3800000e+002  6.4000000e+002  0.0000000e+000
  1.4600000e+002  2.3600000e+002  6.4800000e+002  0.0000000e+000
  1.3300000e+002  5.6000000e+001  6.6100000e+002  6.1538500e-001
  1.1600000e+002  8.9000000e+001  6.8400000e+002  1.0000000e+000
  1.5400000e+002  8.6000000e+001  6.6400000e+002  1.0000000e+000
  1.3300000e+002  8.0000000e+001  6.5900000e+002  0.0000000e+000
  1.3800000e+002  1.0400000e+002  6.9000000e+002  0.0000000e+000
  1.2000000e+002  1.2700000e+002  6.6600000e+002  5.0961500e-001
  1.5300000e+002  1.2600000e+002  6.5400000e+002  1.0000000e+000
  1.3900000e+002  1.2600000e+002  6.8900000e+002  0.0000000e+000
  1.1000000e+002  1.1800000e+002  6.8700000e+002  1.0000000e+000
  1.5200000e+002  1.1100000e+002  6.2500000e+002  1.0000000e+000
  1.1400000e+002  1.4800000e+002  6.5900000e+002  1.0000000e+000
  1.2600000e+002  1.2400000e+002  5.7800000e+002  1.0000000e+000
  1.1300000e+002  1.5500000e+002  6.6300000e+002  1.0000000e+000
  1.1900000e+002  1.2800000e+002  5.6800000e+002  1.0000000e+000
  1.2500000e+002  1.8500000e+002  6.7200000e+002  1.0000000e+000
  1.5000000e+002  1.8400000e+002  6.7300000e+002  1.0000000e+000
  1.2600000e+002  2.2900000e+002  6.8300000e+002  1.0000000e+000
  1.5000000e+002  2.2700000e+002  6.9000000e+002  1.0000000e+000
  1.2000000e+002  2.3800000e+002  6.4000000e+002  0.0000000e+000
  1.4700000e+002  2.3700000e+002  6.4700000e+002  0.0000000e+000
  1.3400000e+002  5.6000000e+001  6.5900000e+002  5.9615400e-001
  1.1600000e+002  8.9000000e+001  6.8200000e+002  1.0000000e+000
  1.5500000e+002  8.6000000e+001  6.6600000e+002  1.0000000e+000
  1.3300000e+002  8.0000000e+001  6.5800000e+002  0.0000000e+000
  1.3800000e+002  1.0400000e+002  6.8900000e+002  0.0000000e+000
  1.1800000e+002  1.2600000e+002  6.6500000e+002  1.0000000e+000
  1.5100000e+002  1.2300000e+002  6.5300000e+002  1.0000000e+000
  1.3800000e+002  1.2500000e+002  6.8800000e+002  0.0000000e+000
  1.1000000e+002  1.1800000e+002  6.8600000e+002  1.0000000e+000
  1.5700000e+002  1.1200000e+002  6.3300000e+002  1.0000000e+000
  1.1400000e+002  1.4800000e+002  6.5700000e+002  1.0000000e+000
  1.3700000e+002  1.3200000e+002  5.8600000e+002  1.0000000e+000
  1.1200000e+002  1.5500000e+002  6.5400000e+002  1.0000000e+000
  1.3200000e+002  1.3700000e+002  5.7300000e+002  7.7884600e-001
  1.2500000e+002  1.8400000e+002  6.7100000e+002  1.0000000e+000
  1.5000000e+002  1.8200000e+002  6.7200000e+002  1.0000000e+000
  1.2600000e+002  2.2800000e+002  6.8400000e+002  1.0000000e+000
  1.5100000e+002  2.2400000e+002  6.9100000e+002  1.0000000e+000
  1.2000000e+002  2.3700000e+002  6.4000000e+002  0.0000000e+000
  1.4800000e+002  2.3500000e+002  6.4800000e+002  0.0000000e+000
  1.3400000e+002  5.6000000e+001  6.6000000e+002  6.9711500e-001
  1.1600000e+002  8.9000000e+001  6.8100000e+002  1.0000000e+000
  1.5500000e+002  8.6000000e+001  6.6600000e+002  1.0000000e+000
  1.3300000e+002  8.0000000e+001  6.5800000e+002  0.0000000e+000
  1.3800000e+002  1.0400000e+002  6.9000000e+002  0.0000000e+000
  1.1800000e+002  1.2800000e+002  6.6400000e+002  9.9038500e-001
  1.5100000e+002  1.2300000e+002  6.5300000e+002  8.0769200e-001
  1.3700000e+002  1.2600000e+002  6.8800000e+002  0.0000000e+000
  1.1000000e+002  1.1800000e+002  6.8600000e+002  1.0000000e+000
  1.5900000e+002  1.1400000e+002  6.3900000e+002  1.0000000e+000
  1.1400000e+002  1.4700000e+002  6.5600000e+002  1.0000000e+000
  1.4500000e+002  1.4000000e+002  5.9600000e+002  1.0000000e+000
  1.1300000e+002  1.5500000e+002  6.5400000e+002  1.0000000e+000
  1.4100000e+002  1.4600000e+002  5.8500000e+002  7.4519200e-001
  1.2500000e+002  1.8500000e+002  6.7300000e+002  1.0000000e+000
  1.5000000e+002  1.8300000e+002  6.7100000e+002  1.0000000e+000
  1.2600000e+002  2.2800000e+002  6.8500000e+002  1.0000000e+000
  1.5100000e+002  2.2500000e+002  6.9200000e+002  1.0000000e+000
  1.2100000e+002  2.3800000e+002  6.4200000e+002  7.6923000e-002
  1.4900000e+002  2.3500000e+002  6.4900000e+002  0.0000000e+000
  1.3300000e+002  5.6000000e+001  6.5700000e+002  6.8269200e-001
  1.1600000e+002  8.9000000e+001  6.8000000e+002  1.0000000e+000
  1.5500000e+002  8.6000000e+001  6.6700000e+002  1.0000000e+000
  1.3400000e+002  8.0000000e+001  6.5700000e+002  0.0000000e+000
  1.3800000e+002  1.0400000e+002  6.9000000e+002  0.0000000e+000
  1.1700000e+002  1.2800000e+002  6.6200000e+002  9.6153800e-001
  1.5000000e+002  1.2400000e+002  6.5500000e+002  1.0000000e+000
  1.3600000e+002  1.2600000e+002  6.8800000e+002  0.0000000e+000
  1.1000000e+002  1.1800000e+002  6.8500000e+002  1.0000000e+000
  1.6100000e+002  1.1500000e+002  6.5000000e+002  1.0000000e+000
  1.1300000e+002  1.4800000e+002  6.5700000e+002  1.0000000e+000
  1.5300000e+002  1.4600000e+002  6.1700000e+002  1.0000000e+000
  1.1200000e+002  1.5600000e+002  6.5600000e+002  8.1250000e-001
  1.5100000e+002  1.5300000e+002  6.0800000e+002  6.7788500e-001
  1.2500000e+002  1.8500000e+002  6.7200000e+002  1.0000000e+000
  1.5000000e+002  1.8300000e+002  6.7200000e+002  1.0000000e+000
  1.2600000e+002  2.2900000e+002  6.8400000e+002  1.0000000e+000
  1.5100000e+002  2.2500000e+002  6.9300000e+002  1.0000000e+000
  1.2200000e+002  2.3800000e+002  6.4000000e+002  0.0000000e+000
  1.5000000e+002  2.3600000e+002  6.5000000e+002  0.0000000e+000
  1.3400000e+002  5.6000000e+001  6.5600000e+002  6.2019200e-001
  1.1600000e+002  8.9000000e+001  6.7800000e+002  1.0000000e+000
  1.5500000e+002  8.6000000e+001  6.6700000e+002  1.0000000e+000
  1.3400000e+002  8.0000000e+001  6.5600000e+002  0.0000000e+000
  1.3800000e+002  1.0400000e+002  6.9000000e+002  0.0000000e+000
  1.1700000e+002  1.2600000e+002  6.6100000e+002  5.4807700e-001
  1.5100000e+002  1.2600000e+002  6.5300000e+002  6.5384600e-001
  1.3700000e+002  1.2700000e+002  6.8700000e+002  0.0000000e+000
  1.1000000e+002  1.1900000e+002  6.8300000e+002  1.0000000e+000
  1.6000000e+002  1.1700000e+002  6.6300000e+002  1.0000000e+000
  1.1200000e+002  1.5000000e+002  6.5800000e+002  1.0000000e+000
  1.5600000e+002  1.5000000e+002  6.4900000e+002  1.0000000e+000
  1.1300000e+002  1.5800000e+002  6.5600000e+002  8.7980800e-001
  1.5700000e+002  1.5800000e+002  6.4600000e+002  7.1153800e-001
  1.2500000e+002  1.8500000e+002  6.7200000e+002  1.0000000e+000
  1.5000000e+002  1.8400000e+002  6.7300000e+002  1.0000000e+000
  1.2500000e+002  2.2800000e+002  6.8400000e+002  1.0000000e+000
  1.5000000e+002  2.2500000e+002  6.9400000e+002  1.0000000e+000
  1.2100000e+002  2.3800000e+002  6.4100000e+002  0.0000000e+000
  1.4900000e+002  2.3600000e+002  6.5100000e+002  0.0000000e+000
  1.3500000e+002  5.6000000e+001  6.5900000e+002  5.6250000e-001
  1.1600000e+002  8.9000000e+001  6.7700000e+002  1.0000000e+000
  1.5600000e+002  8.6000000e+001  6.6800000e+002  1.0000000e+000
  1.3400000e+002  8.0000000e+001  6.5600000e+002  0.0000000e+000
  1.3800000e+002  1.0400000e+002  6.9000000e+002  0.0000000e+000
  1.1700000e+002  1.2600000e+002  6.6200000e+002  3.2692300e-001
  1.5000000e+002  1.2500000e+002  6.5200000e+002  6.5384600e-001
  1.3600000e+002  1.2700000e+002  6.8700000e+002  0.0000000e+000
  1.1000000e+002  1.1800000e+002  6.8300000e+002  1.0000000e+000
  1.6000000e+002  1.1700000e+002  6.6800000e+002  1.0000000e+000
  1.1200000e+002  1.5000000e+002  6.5900000e+002  1.0000000e+000
  1.5500000e+002  1.5000000e+002  6.5700000e+002  1.0000000e+000
  1.1300000e+002  1.5700000e+002  6.5700000e+002  8.1250000e-001
  1.5600000e+002  1.5700000e+002  6.5900000e+002  9.8076900e-001
  1.2600000e+002  1.8400000e+002  6.7100000e+002  1.0000000e+000
  1.5100000e+002  1.8300000e+002  6.7300000e+002  1.0000000e+000
  1.2600000e+002  2.2800000e+002  6.8400000e+002  1.0000000e+000
  1.5000000e+002  2.2500000e+002  6.9100000e+002  1.0000000e+000
  1.2100000e+002  2.3700000e+002  6.4000000e+002  0.0000000e+000
  1.4800000e+002  2.3500000e+002  6.4700000e+002  0.0000000e+000
  1.3500000e+002  5.6000000e+001  6.5500000e+002  6.6826900e-001
  1.1600000e+002  8.9000000e+001  6.7500000e+002  1.0000000e+000
  1.5600000e+002  8.6000000e+001  6.6900000e+002  1.0000000e+000
  1.3400000e+002  8.1000000e+001  6.5500000e+002  0.0000000e+000
  1.3800000e+002  1.0400000e+002  6.9000000e+002  0.0000000e+000
  1.1700000e+002  1.2600000e+002  6.6100000e+002  5.1923100e-001
  1.5100000e+002  1.2600000e+002  6.5500000e+002  6.6346200e-001
  1.3600000e+002  1.2700000e+002  6.8700000e+002  0.0000000e+000
  1.1000000e+002  1.1900000e+002  6.8100000e+002  1.0000000e+000
  1.6000000e+002  1.1700000e+002  6.7300000e+002  1.0000000e+000
  1.1200000e+002  1.5000000e+002  6.5900000e+002  1.0000000e+000
  1.5600000e+002  1.4900000e+002  6.5600000e+002  1.0000000e+000
  1.1300000e+002  1.5800000e+002  6.5800000e+002  8.7980800e-001
  1.5600000e+002  1.5700000e+002  6.5500000e+002  8.7980800e-001
  1.2600000e+002  1.8400000e+002  6.7000000e+002  1.0000000e+000
  1.5100000e+002  1.8300000e+002  6.7300000e+002  1.0000000e+000
  1.2600000e+002  2.2800000e+002  6.8500000e+002  1.0000000e+000
  1.5000000e+002  2.2500000e+002  6.9200000e+002  1.0000000e+000
  1.2300000e+002  2.3800000e+002  6.4100000e+002  0.0000000e+000
  1.4900000e+002  2.3500000e+002  6.4800000e+002  0.0000000e+000
  1.3500000e+002  5.6000000e+001  6.5600000e+002  6.4903800e-001
