  1.1200000e+002  9.5000000e+001  6.3200000e+002  1.0000000e+000
  1.5300000e+002  9.3000000e+001  6.2800000e+002  1.0000000e+000
  1.3000000e+002  8.7000000e+001  6.0700000e+002  0.0000000e+000
  1.3400000e+002  1.0900000e+002  6.5200000e+002  0.0000000e+000
  1.1000000e+002  1.3400000e+002  6.2300000e+002  6.4423100e-001
  1.5800000e+002  1.3200000e+002  6.2500000e+002  8.9423100e-001
  1.3500000e+002  1.3200000e+002  6.5400000e+002  0.0000000e+000
  1.0500000e+002  1.2500000e+002  6.3200000e+002  1.0000000e+000
  1.6200000e+002  1.2300000e+002  6.2900000e+002  1.0000000e+000
  1.0600000e+002  1.5700000e+002  6.0900000e+002  1.0000000e+000
  1.6500000e+002  1.5400000e+002  6.0000000e+002  1.0000000e+000
  1.0400000e+002  1.6500000e+002  6.0300000e+002  2.7403800e-001
  1.6700000e+002  1.6200000e+002  5.9200000e+002  4.5913500e-001
  1.2200000e+002  1.9000000e+002  6.3200000e+002  1.0000000e+000
  1.4800000e+002  1.8900000e+002  6.3200000e+002  1.0000000e+000
  1.2100000e+002  2.3000000e+002  6.5300000e+002  1.0000000e+000
  1.4600000e+002  2.2800000e+002  6.5700000e+002  1.0000000e+000
  1.1800000e+002  2.4200000e+002  6.1200000e+002  0.0000000e+000
  1.4700000e+002  2.4000000e+002  6.1700000e+002  3.8462000e-002
  1.3000000e+002  5.9000000e+001  5.9600000e+002  1.0000000e+000
  1.1200000e+002  9.4000000e+001  6.3200000e+002  1.0000000e+000
  1.5300000e+002  9.3000000e+001  6.2900000e+002  1.0000000e+000
  1.3100000e+002  8.7000000e+001  6.0700000e+002  0.0000000e+000
  1.3400000e+002  1.0900000e+002  6.5200000e+002  0.0000000e+000
  1.1000000e+002  1.3400000e+002  6.2300000e+002  6.9230800e-001
  1.5800000e+002  1.3200000e+002  6.2500000e+002  8.5576900e-001
  1.3500000e+002  1.3200000e+002  6.5400000e+002  0.0000000e+000
  1.0500000e+002  1.2500000e+002  6.3300000e+002  1.0000000e+000
  1.6300000e+002  1.2200000e+002  6.2900000e+002  1.0000000e+000
  1.0600000e+002  1.5700000e+002  6.0900000e+002  1.0000000e+000
  1.6600000e+002  1.5400000e+002  5.9800000e+002  1.0000000e+000
  1.0400000e+002  1.6500000e+002  6.0400000e+002  1.2259600e-001
  1.6400000e+002  1.6200000e+002  6.0000000e+002  5.0961500e-001
  1.2200000e+002  1.9000000e+002  6.3300000e+002  1.0000000e+000
  1.4800000e+002  1.8900000e+002  6.3200000e+002  1.0000000e+000
  1.2100000e+002  2.3000000e+002  6.5400000e+002  1.0000000e+000
  1.4600000e+002  2.2800000e+002  6.5800000e+002  1.0000000e+000
  1.1900000e+002  2.4100000e+002  6.1300000e+002  0.0000000e+000
  1.4700000e+002  2.4000000e+002  6.1800000e+002  7.6923000e-002
  1.3000000e+002  5.8000000e+001  5.9700000e+002  1.0000000e+000
  1.1200000e+002  9.4000000e+001  6.3300000e+002  1.0000000e+000
  1.5300000e+002  9.3000000e+001  6.2700000e+002  1.0000000e+000
  1.3100000e+002  8.7000000e+001  6.0700000e+002  0.0000000e+000
  1.3500000e+002  1.0900000e+002  6.5200000e+002  0.0000000e+000
  1.1000000e+002  1.3400000e+002  6.2700000e+002  6.3461500e-001
  1.5800000e+002  1.3200000e+002  6.2300000e+002  9.2307700e-001
  1.3600000e+002  1.3300000e+002  6.5500000e+002  0.0000000e+000
  1.0500000e+002  1.2500000e+002  6.3300000e+002  1.0000000e+000
  1.6300000e+002  1.2300000e+002  6.2900000e+002  1.0000000e+000
  1.0400000e+002  1.5800000e+002  6.1200000e+002  1.0000000e+000
  1.6500000e+002  1.5400000e+002  5.9600000e+002  1.0000000e+000
  1.0400000e+002  1.6500000e+002  6.0400000e+002  1.2259600e-001
  1.6500000e+002  1.6200000e+002  5.9900000e+002  4.7596200e-001
  1.2200000e+002  1.9000000e+002  6.3300000e+002  1.0000000e+000
  1.4800000e+002  1.9000000e+002  6.3100000e+002  1.0000000e+000
  1.2100000e+002  2.3000000e+002  6.5300000e+002  1.0000000e+000
  1.4500000e+002  2.2700000e+002  6.6100000e+002  1.0000000e+000
  1.1700000e+002  2.4200000e+002  6.1200000e+002  0.0000000e+000
  1.4400000e+002  2.4000000e+002  6.2100000e+002  3.1730800e-001
  1.3100000e+002  5.8000000e+001  5.9800000e+002  1.0000000e+000
  1.1200000e+002  9.5000000e+001  6.3300000e+002  1.0000000e+000
  1.5300000e+002  9.3000000e+001  6.2800000e+002  1.0000000e+000
  1.3100000e+002  8.7000000e+001  6.0700000e+002  0.0000000e+000
  1.3400000e+002  1.0900000e+002  6.5200000e+002  0.0000000e+000
  1.0900000e+002  1.3500000e+002  6.2700000e+002  7.3076900e-001
  1.5800000e+002  1.3200000e+002  6.2200000e+002  7.9807700e-001
  1.3500000e+002  1.3300000e+002  6.5500000e+002  0.0000000e+000
  1.0500000e+002  1.2500000e+002  6.3400000e+002  1.0000000e+000
  1.6200000e+002  1.2300000e+002  6.2800000e+002  1.0000000e+000
  1.0400000e+002  1.5700000e+002  6.1100000e+002  1.0000000e+000
  1.6500000e+002  1.5400000e+002  5.9500000e+002  1.0000000e+000
  1.0400000e+002  1.6500000e+002  6.0600000e+002  0.0000000e+000
  1.6400000e+002  1.6200000e+002  5.9200000e+002  6.1057700e-001
  1.2100000e+002  1.9100000e+002  6.3200000e+002  1.0000000e+000
  1.4800000e+002  1.9000000e+002  6.3000000e+002  1.0000000e+000
  1.2100000e+002  2.3000000e+002  6.5400000e+002  1.0000000e+000
  1.4500000e+002  2.2700000e+002  6.6100000e+002  1.0000000e+000
  1.1700000e+002  2.4200000e+002  6.1300000e+002  0.0000000e+000
  1.4500000e+002  2.4000000e+002  6.2100000e+002  3.1250000e-001
  1.3100000e+002  5.8000000e+001  5.9700000e+002  1.0000000e+000
  1.1200000e+002  9.4000000e+001  6.3300000e+002  1.0000000e+000
  1.5300000e+002  9.3000000e+001  6.2700000e+002  1.0000000e+000
  1.3000000e+002  8.7000000e+001  6.0700000e+002  0.0000000e+000
  1.3400000e+002  1.0900000e+002  6.5200000e+002  0.0000000e+000
  1.0900000e+002  1.3400000e+002  6.2700000e+002  8.5576900e-001
  1.5800000e+002  1.3200000e+002  6.2200000e+002  8.0769200e-001
  1.3500000e+002  1.3200000e+002  6.5400000e+002  0.0000000e+000
  1.0500000e+002  1.2500000e+002  6.3500000e+002  1.0000000e+000
  1.6200000e+002  1.2300000e+002  6.2800000e+002  1.0000000e+000
  1.0400000e+002  1.5700000e+002  6.1000000e+002  1.0000000e+000
  1.6400000e+002  1.5400000e+002  5.9500000e+002  1.0000000e+000
  1.0400000e+002  1.6500000e+002  6.0800000e+002  3.8462000e-002
  1.6400000e+002  1.6200000e+002  5.8800000e+002  8.2932700e-001
  1.2100000e+002  1.9000000e+002  6.3300000e+002  1.0000000e+000
  1.4700000e+002  1.8900000e+002  6.3100000e+002  1.0000000e+000
  1.2100000e+002  2.3000000e+002  6.5400000e+002  1.0000000e+000
  1.4600000e+002  2.2800000e+002  6.5800000e+002  1.0000000e+000
  1.1700000e+002  2.4100000e+002  6.1400000e+002  0.0000000e+000
  1.4500000e+002  2.4000000e+002  6.1800000e+002  1.1538500e-001
  1.3000000e+002  5.8000000e+001  5.9600000e+002  1.0000000e+000
  1.1200000e+002  9.4000000e+001  6.3400000e+002  1.0000000e+000
  1.5300000e+002  9.3000000e+001  6.2700000e+002  1.0000000e+000
  1.3000000e+002  8.7000000e+001  6.0800000e+002  0.0000000e+000
  1.3400000e+002  1.0900000e+002  6.5300000e+002  0.0000000e+000
  1.0900000e+002  1.3400000e+002  6.2500000e+002  7.4038500e-001
  1.5800000e+002  1.3200000e+002  6.2400000e+002  7.7884600e-001
  1.3500000e+002  1.3300000e+002  6.5500000e+002  0.0000000e+000
  1.0500000e+002  1.2400000e+002  6.3200000e+002  1.0000000e+000
  1.6200000e+002  1.2300000e+002  6.2800000e+002  1.0000000e+000
  1.0400000e+002  1.5700000e+002  6.1000000e+002  1.0000000e+000
  1.6400000e+002  1.5300000e+002  5.8900000e+002  1.0000000e+000
  1.0300000e+002  1.6500000e+002  6.0100000e+002  3.2451900e-001
  1.6300000e+002  1.6100000e+002  5.8500000e+002  6.1057700e-001
  1.2100000e+002  1.9000000e+002  6.3300000e+002  1.0000000e+000
  1.4800000e+002  1.8900000e+002  6.3000000e+002  1.0000000e+000
  1.2100000e+002  2.3000000e+002  6.5400000e+002  1.0000000e+000
  1.4500000e+002  2.2700000e+002  6.6000000e+002  1.0000000e+000
  1.1800000e+002  2.4200000e+002  6.1300000e+002  0.0000000e+000
  1.4500000e+002  2.4000000e+002  6.2000000e+002  2.6923100e-001
  1.3000000e+002  5.9000000e+001  5.9500000e+002  1.0000000e+000
  1.1200000e+002  9.4000000e+001  6.3200000e+002  1.0000000e+000
  1.5300000e+002  9.3000000e+001  6.2600000e+002  1.0000000e+000
  1.3100000e+002  8.8000000e+001  6.0600000e+002  0.0000000e+000
  1.3500000e+002  1.0900000e+002  6.5200000e+002  0.0000000e+000
  1.0900000e+002  1.3400000e+002  6.2500000e+002  8.8461500e-001
  1.5800000e+002  1.3200000e+002  6.2500000e+002  7.8846200e-001
  1.3400000e+002  1.3300000e+002  6.5500000e+002  0.0000000e+000
  1.0500000e+002  1.2500000e+002  6.3200000e+002  1.0000000e+000
  1.6200000e+002  1.2300000e+002  6.2700000e+002  1.0000000e+000
  1.0300000e+002  1.5700000e+002  6.0300000e+002  1.0000000e+000
  1.6400000e+002  1.5200000e+002  5.8400000e+002  1.0000000e+000
  1.0300000e+002  1.6400000e+002  6.1000000e+002  3.9182700e-001
  1.6300000e+002  1.6000000e+002  5.7600000e+002  5.0961500e-001
  1.2200000e+002  1.9000000e+002  6.3300000e+002  1.0000000e+000
  1.4800000e+002  1.9000000e+002  6.3000000e+002  1.0000000e+000
  1.2100000e+002  2.3000000e+002  6.5400000e+002  1.0000000e+000
  1.4500000e+002  2.2800000e+002  6.5900000e+002  1.0000000e+000
  1.1900000e+002  2.4200000e+002  6.1300000e+002  0.0000000e+000
  1.4600000e+002  2.4000000e+002  6.1900000e+002  2.2115400e-001
  1.3100000e+002  5.8000000e+001  5.9500000e+002  1.0000000e+000
  1.1200000e+002  9.5000000e+001  6.3300000e+002  1.0000000e+000
  1.5300000e+002  9.3000000e+001  6.2800000e+002  1.0000000e+000
  1.3100000e+002  8.7000000e+001  6.0700000e+002  0.0000000e+000
  1.3400000e+002  1.0900000e+002  6.5300000e+002  0.0000000e+000
  1.0900000e+002  1.3400000e+002  6.2300000e+002  1.0000000e+000
  1.5800000e+002  1.3200000e+002  6.2500000e+002  7.2115400e-001
  1.3400000e+002  1.3200000e+002  6.5400000e+002  0.0000000e+000
  1.0500000e+002  1.2500000e+002  6.3000000e+002  1.0000000e+000
  1.6200000e+002  1.2300000e+002  6.2700000e+002  1.0000000e+000
  1.0200000e+002  1.5600000e+002  5.9700000e+002  1.0000000e+000
  1.6300000e+002  1.4900000e+002  5.7600000e+002  1.0000000e+000
  1.0300000e+002  1.6400000e+002  5.9800000e+002  3.5817300e-001
  1.6500000e+002  1.5700000e+002  5.6900000e+002  4.9278800e-001
  1.2200000e+002  1.9000000e+002  6.3200000e+002  1.0000000e+000
  1.4800000e+002  1.9000000e+002  6.3100000e+002  1.0000000e+000
  1.2100000e+002  2.3000000e+002  6.5400000e+002  1.0000000e+000
  1.4500000e+002  2.2700000e+002  6.6000000e+002  1.0000000e+000
  1.1900000e+002  2.4200000e+002  6.1300000e+002  0.0000000e+000
  1.4500000e+002  2.4000000e+002  6.2100000e+002  2.7884600e-001
  1.3100000e+002  5.9000000e+001  5.9600000e+002  1.0000000e+000
  1.1200000e+002  9.4000000e+001  6.3300000e+002  1.0000000e+000
  1.5300000e+002  9.3000000e+001  6.3000000e+002  1.0000000e+000
  1.3100000e+002  8.7000000e+001  6.0800000e+002  0.0000000e+000
  1.3400000e+002  1.0900000e+002  6.5300000e+002  0.0000000e+000
  1.0900000e+002  1.3400000e+002  6.2300000e+002  1.0000000e+000
  1.5800000e+002  1.3100000e+002  6.2600000e+002  6.5384600e-001
  1.3400000e+002  1.3200000e+002  6.5500000e+002  0.0000000e+000
  1.0500000e+002  1.2400000e+002  6.2800000e+002  1.0000000e+000
  1.6200000e+002  1.2200000e+002  6.2400000e+002  1.0000000e+000
  1.0100000e+002  1.5400000e+002  5.8600000e+002  1.0000000e+000
  1.6300000e+002  1.4500000e+002  5.6700000e+002  1.0000000e+000
  1.0100000e+002  1.6200000e+002  5.8500000e+002  3.2451900e-001
  1.6400000e+002  1.5100000e+002  5.5300000e+002  2.9086500e-001
  1.2200000e+002  1.9000000e+002  6.3300000e+002  1.0000000e+000
  1.4800000e+002  1.8900000e+002  6.3100000e+002  1.0000000e+000
  1.2100000e+002  2.2900000e+002  6.5700000e+002  1.0000000e+000
  1.4500000e+002  2.2700000e+002  6.6000000e+002  1.0000000e+000
  1.1900000e+002  2.4100000e+002  6.1700000e+002  0.0000000e+000
  1.4600000e+002  2.3900000e+002  6.2000000e+002  2.3076900e-001
  1.3100000e+002  5.8000000e+001  5.9600000e+002  1.0000000e+000
  1.1200000e+002  9.4000000e+001  6.3400000e+002  1.0000000e+000
  1.5300000e+002  9.3000000e+001  6.3000000e+002  1.0000000e+000
  1.3100000e+002  8.6000000e+001  6.0900000e+002  0.0000000e+000
  1.3400000e+002  1.0900000e+002  6.5400000e+002  0.0000000e+000
  1.0900000e+002  1.3300000e+002  6.2600000e+002  1.0000000e+000
  1.5800000e+002  1.3200000e+002  6.2400000e+002  8.0769200e-001
  1.3500000e+002  1.3200000e+002  6.5500000e+002  0.0000000e+000
  1.0400000e+002  1.2400000e+002  6.2400000e+002  1.0000000e+000
  1.6200000e+002  1.2200000e+002  6.2300000e+002  1.0000000e+000
  1.0100000e+002  1.5200000e+002  5.7800000e+002  1.0000000e+000
  1.6000000e+002  1.4000000e+002  5.5900000e+002  9.7115400e-001
  1.0100000e+002  1.6000000e+002  5.7500000e+002  3.0769200e-001
  1.5900000e+002  1.4500000e+002  5.4400000e+002  0.0000000e+000
  1.2100000e+002  1.9000000e+002  6.3200000e+002  1.0000000e+000
  1.4700000e+002  1.8900000e+002  6.3100000e+002  1.0000000e+000
  1.2200000e+002  2.2900000e+002  6.5500000e+002  1.0000000e+000
  1.4600000e+002  2.2700000e+002  6.5800000e+002  1.0000000e+000
  1.1900000e+002  2.4100000e+002  6.1500000e+002  0.0000000e+000
  1.4600000e+002  2.4000000e+002  6.1800000e+002  1.1538500e-001
  1.3100000e+002  5.9000000e+001  5.9700000e+002  1.0000000e+000
  1.1200000e+002  9.4000000e+001  6.3500000e+002  1.0000000e+000
  1.5300000e+002  9.3000000e+001  6.2900000e+002  1.0000000e+000
  1.3100000e+002  8.7000000e+001  6.0900000e+002  0.0000000e+000
  1.3400000e+002  1.0900000e+002  6.5400000e+002  0.0000000e+000
  1.0900000e+002  1.3400000e+002  6.2800000e+002  7.5961500e-001
  1.5800000e+002  1.3200000e+002  6.2300000e+002  7.6923100e-001
  1.3500000e+002  1.3200000e+002  6.5600000e+002  0.0000000e+000
  1.0500000e+002  1.2300000e+002  6.1700000e+002  1.0000000e+000
  1.6200000e+002  1.2300000e+002  6.1900000e+002  1.0000000e+000
  1.0400000e+002  1.5100000e+002  5.6900000e+002  1.0000000e+000
  1.5500000e+002  1.3500000e+002  5.5200000e+002  5.3846200e-001
  1.0400000e+002  1.5800000e+002  5.5900000e+002  5.4326900e-001
  1.6000000e+002  1.3900000e+002  5.4000000e+002  4.5913500e-001
  1.2200000e+002  1.9000000e+002  6.3300000e+002  1.0000000e+000
  1.4800000e+002  1.8900000e+002  6.3200000e+002  1.0000000e+000
  1.2200000e+002  2.2900000e+002  6.5800000e+002  1.0000000e+000
  1.4500000e+002  2.2800000e+002  6.5600000e+002  1.0000000e+000
  1.1800000e+002  2.4100000e+002  6.1800000e+002  0.0000000e+000
  1.4400000e+002  2.4000000e+002  6.1600000e+002  5.7692000e-002
  1.3100000e+002  5.9000000e+001  5.9900000e+002  1.0000000e+000
  1.1200000e+002  9.4000000e+001  6.3600000e+002  1.0000000e+000
  1.5300000e+002  9.3000000e+001  6.3100000e+002  1.0000000e+000
  1.3100000e+002  8.7000000e+001  6.1000000e+002  0.0000000e+000
  1.3400000e+002  1.0900000e+002  6.5500000e+002  0.0000000e+000
  1.0900000e+002  1.3400000e+002  6.2900000e+002  4.3269200e-001
  1.5700000e+002  1.3100000e+002  6.2200000e+002  1.0000000e+000
  1.3500000e+002  1.3200000e+002  6.5600000e+002  0.0000000e+000
  1.0800000e+002  1.2300000e+002  6.1100000e+002  1.0000000e+000
  1.6000000e+002  1.2200000e+002  6.1300000e+002  1.0000000e+000
  1.1200000e+002  1.4100000e+002  5.5200000e+002  6.8269200e-001
  1.4700000e+002  1.3100000e+002  5.4800000e+002  2.2115400e-001
  1.1000000e+002  1.5000000e+002  5.4700000e+002  6.4423100e-001
  1.4400000e+002  1.3300000e+002  5.3300000e+002  0.0000000e+000
  1.2200000e+002  1.9000000e+002  6.3300000e+002  1.0000000e+000
  1.4800000e+002  1.8900000e+002  6.3200000e+002  1.0000000e+000
  1.2100000e+002  2.3000000e+002  6.5400000e+002  1.0000000e+000
  1.4500000e+002  2.2700000e+002  6.6000000e+002  1.0000000e+000
  1.1700000e+002  2.4100000e+002  6.1400000e+002  0.0000000e+000
  1.4400000e+002  2.3900000e+002  6.2000000e+002  1.7307700e-001
  1.3100000e+002  5.9000000e+001  5.9900000e+002  1.0000000e+000
  1.1200000e+002  9.4000000e+001  6.3600000e+002  1.0000000e+000
  1.5300000e+002  9.2000000e+001  6.3100000e+002  1.0000000e+000
  1.3100000e+002  8.7000000e+001  6.1100000e+002  0.0000000e+000
  1.3400000e+002  1.0900000e+002  6.5500000e+002  0.0000000e+000
  1.0900000e+002  1.3400000e+002  6.2900000e+002  8.6538500e-001
  1.5700000e+002  1.3100000e+002  6.2400000e+002  1.0000000e+000
  1.3500000e+002  1.3200000e+002  6.5700000e+002  0.0000000e+000
  1.1000000e+002  1.2100000e+002  6.0700000e+002  1.0000000e+000
  1.6100000e+002  1.2100000e+002  6.1700000e+002  1.0000000e+000
  1.1800000e+002  1.3600000e+002  5.4800000e+002  7.2115400e-001
  1.4000000e+002  1.3000000e+002  5.6300000e+002  1.0000000e+000
  1.1800000e+002  1.4500000e+002  5.4200000e+002  2.4038500e-001
  1.3400000e+002  1.3300000e+002  5.5000000e+002  0.0000000e+000
  1.2200000e+002  1.9000000e+002  6.3300000e+002  1.0000000e+000
  1.4800000e+002  1.8900000e+002  6.3200000e+002  1.0000000e+000
  1.2100000e+002  2.3000000e+002  6.5400000e+002  1.0000000e+000
  1.4500000e+002  2.2600000e+002  6.6100000e+002  1.0000000e+000
  1.1700000e+002  2.4100000e+002  6.1300000e+002  0.0000000e+000
  1.4400000e+002  2.3900000e+002  6.2100000e+002  2.1153800e-001
  1.3100000e+002  5.9000000e+001  5.9800000e+002  1.0000000e+000
  1.1300000e+002  9.4000000e+001  6.3700000e+002  1.0000000e+000
  1.5300000e+002  9.3000000e+001  6.3100000e+002  1.0000000e+000
  1.3100000e+002  8.6000000e+001  6.1200000e+002  0.0000000e+000
  1.3400000e+002  1.0900000e+002  6.5500000e+002  0.0000000e+000
  1.1000000e+002  1.3300000e+002  6.3400000e+002  1.0000000e+000
  1.5800000e+002  1.3200000e+002  6.2100000e+002  1.0000000e+000
  1.3700000e+002  1.3200000e+002  6.5800000e+002  0.0000000e+000
  1.1100000e+002  1.1900000e+002  6.0200000e+002  1.0000000e+000
  1.5700000e+002  1.2100000e+002  6.0900000e+002  1.0000000e+000
  1.2900000e+002  1.2700000e+002  5.5000000e+002  4.6153800e-001
  1.3200000e+002  1.3200000e+002  5.6200000e+002  1.0000000e+000
  1.2700000e+002  1.3100000e+002  5.3500000e+002  3.4134600e-001
  1.3000000e+002  1.3200000e+002  5.4500000e+002  1.7307700e-001
  1.2200000e+002  1.9000000e+002  6.3100000e+002  1.0000000e+000
  1.4800000e+002  1.8900000e+002  6.3200000e+002  1.0000000e+000
  1.2100000e+002  2.2900000e+002  6.5400000e+002  1.0000000e+000
  1.4500000e+002  2.2700000e+002  6.5900000e+002  1.0000000e+000
  1.1600000e+002  2.4100000e+002  6.1400000e+002  0.0000000e+000
  1.4300000e+002  2.3900000e+002  6.1900000e+002  1.7307700e-001
  1.3100000e+002  5.9000000e+001  5.9900000e+002  1.0000000e+000
  1.1300000e+002  9.4000000e+001  6.3800000e+002  1.0000000e+000
  1.5300000e+002  9.3000000e+001  6.3200000e+002  1.0000000e+000
  1.3100000e+002  8.6000000e+001  6.1200000e+002  0.0000000e+000
  1.3500000e+002  1.0900000e+002  6.5600000e+002  0.0000000e+000
  1.1100000e+002  1.3300000e+002  6.3300000e+002  1.0000000e+000
  1.5900000e+002  1.3200000e+002  6.2500000e+002  1.0000000e+000
  1.3700000e+002  1.3200000e+002  6.5900000e+002  0.0000000e+000
  1.1100000e+002  1.1900000e+002  6.0200000e+002  1.0000000e+000
  1.5600000e+002  1.2000000e+002  6.0700000e+002  1.0000000e+000
  1.2700000e+002  1.2600000e+002  5.4600000e+002  5.5769200e-001
  1.3300000e+002  1.3000000e+002  5.5500000e+002  1.0000000e+000
  1.3400000e+002  1.2600000e+002  5.3600000e+002  3.8462000e-002
  1.2900000e+002  1.3100000e+002  5.3900000e+002  1.0000000e+000
  1.2200000e+002  1.9000000e+002  6.3100000e+002  1.0000000e+000
  1.4800000e+002  1.8900000e+002  6.3200000e+002  1.0000000e+000
  1.2100000e+002  2.2900000e+002  6.5400000e+002  1.0000000e+000
  1.4500000e+002  2.2700000e+002  6.6100000e+002  1.0000000e+000
  1.1700000e+002  2.4100000e+002  6.1400000e+002  0.0000000e+000
  1.4400000e+002  2.3900000e+002  6.2100000e+002  1.7307700e-001
  1.3000000e+002  5.9000000e+001  5.9700000e+002  1.0000000e+000
  1.1300000e+002  9.4000000e+001  6.3800000e+002  1.0000000e+000
  1.5300000e+002  9.3000000e+001  6.3200000e+002  1.0000000e+000
  1.3100000e+002  8.6000000e+001  6.1300000e+002  0.0000000e+000
  1.3400000e+002  1.0900000e+002  6.5500000e+002  0.0000000e+000
  1.1100000e+002  1.3200000e+002  6.3300000e+002  1.0000000e+000
  1.5900000e+002  1.3200000e+002  6.2600000e+002  1.0000000e+000
  1.3600000e+002  1.3200000e+002  6.5900000e+002  0.0000000e+000
  1.1000000e+002  1.1900000e+002  6.0400000e+002  1.0000000e+000
  1.5700000e+002  1.2100000e+002  6.0900000e+002  1.0000000e+000
  1.2400000e+002  1.3100000e+002  5.4800000e+002  2.7884600e-001
  1.3500000e+002  1.2500000e+002  5.5400000e+002  7.8846200e-001
  1.2800000e+002  1.3400000e+002  5.3500000e+002  0.0000000e+000
  1.3400000e+002  1.2600000e+002  5.3700000e+002  3.7500000e-001
  1.2200000e+002  1.8900000e+002  6.3100000e+002  1.0000000e+000
  1.4800000e+002  1.8900000e+002  6.3300000e+002  1.0000000e+000
  1.2100000e+002  2.2900000e+002  6.5400000e+002  1.0000000e+000
  1.4500000e+002  2.2700000e+002  6.6100000e+002  1.0000000e+000
  1.1700000e+002  2.4100000e+002  6.1300000e+002  0.0000000e+000
  1.4400000e+002  2.3900000e+002  6.2100000e+002  1.1538500e-001
  1.3100000e+002  6.0000000e+001  5.9800000e+002  1.0000000e+000
  1.1200000e+002  9.4000000e+001  6.3700000e+002  1.0000000e+000
  1.5300000e+002  9.2000000e+001  6.3100000e+002  1.0000000e+000
  1.3100000e+002  8.6000000e+001  6.1200000e+002  0.0000000e+000
  1.3400000e+002  1.0900000e+002  6.5500000e+002  0.0000000e+000
  1.1000000e+002  1.3300000e+002  6.3000000e+002  1.0000000e+000
  1.5800000e+002  1.3100000e+002  6.2500000e+002  1.0000000e+000
  1.3600000e+002  1.3100000e+002  6.5800000e+002  0.0000000e+000
  1.1000000e+002  1.1900000e+002  6.0500000e+002  1.0000000e+000
  1.6200000e+002  1.2000000e+002  6.1900000e+002  1.0000000e+000
  1.2000000e+002  1.3200000e+002  5.4700000e+002  5.1923100e-001
  1.4100000e+002  1.2800000e+002  5.6500000e+002  1.0000000e+000
  1.2000000e+002  1.3800000e+002  5.3400000e+002  3.7500000e-001
  1.3500000e+002  1.3000000e+002  5.5200000e+002  0.0000000e+000
  1.2200000e+002  1.8900000e+002  6.3100000e+002  1.0000000e+000
  1.4800000e+002  1.8800000e+002  6.3300000e+002  1.0000000e+000
  1.2100000e+002  2.2900000e+002  6.5400000e+002  1.0000000e+000
  1.4500000e+002  2.2700000e+002  6.5900000e+002  1.0000000e+000
  1.1700000e+002  2.4100000e+002  6.1300000e+002  0.0000000e+000
  1.4500000e+002  2.3900000e+002  6.1800000e+002  1.5384600e-001
  1.3100000e+002  5.9000000e+001  5.9800000e+002  1.0000000e+000
  1.1200000e+002  9.4000000e+001  6.3400000e+002  1.0000000e+000
  1.5300000e+002  9.3000000e+001  6.3200000e+002  1.0000000e+000
  1.3100000e+002  8.6000000e+001  6.1000000e+002  0.0000000e+000
  1.3400000e+002  1.0800000e+002  6.5500000e+002  0.0000000e+000
  1.0900000e+002  1.3400000e+002  6.2600000e+002  5.8653800e-001
  1.5800000e+002  1.3000000e+002  6.2900000e+002  8.4615400e-001
  1.3500000e+002  1.3100000e+002  6.5800000e+002  0.0000000e+000
  1.0800000e+002  1.2200000e+002  6.1300000e+002  1.0000000e+000
  1.6200000e+002  1.2000000e+002  6.2000000e+002  1.0000000e+000
  1.1100000e+002  1.3700000e+002  5.5300000e+002  5.7692300e-001
  1.5300000e+002  1.3100000e+002  5.5600000e+002  4.3269200e-001
  1.1100000e+002  1.4500000e+002  5.4300000e+002  4.0865400e-001
  1.5200000e+002  1.3600000e+002  5.4200000e+002  1.0000000e+000
  1.2200000e+002  1.9000000e+002  6.3300000e+002  1.0000000e+000
  1.4800000e+002  1.8800000e+002  6.3200000e+002  1.0000000e+000
  1.2100000e+002  2.3000000e+002  6.5400000e+002  1.0000000e+000
  1.4600000e+002  2.2700000e+002  6.5800000e+002  1.0000000e+000
  1.1900000e+002  2.4100000e+002  6.1300000e+002  0.0000000e+000
  1.4700000e+002  2.3900000e+002  6.1700000e+002  7.6923000e-002
  1.3000000e+002  5.9000000e+001  5.9800000e+002  1.0000000e+000
  1.1300000e+002  9.5000000e+001  6.3000000e+002  1.0000000e+000
  1.5300000e+002  9.3000000e+001  6.3400000e+002  1.0000000e+000
  1.3200000e+002  8.7000000e+001  6.0900000e+002  0.0000000e+000
  1.3400000e+002  1.0900000e+002  6.5500000e+002  0.0000000e+000
  1.1000000e+002  1.3400000e+002  6.2400000e+002  6.7307700e-001
  1.5800000e+002  1.3100000e+002  6.3300000e+002  7.8846200e-001
  1.3400000e+002  1.3200000e+002  6.5800000e+002  0.0000000e+000
  1.0600000e+002  1.2300000e+002  6.1600000e+002  1.0000000e+000
  1.6300000e+002  1.2100000e+002  6.2700000e+002  1.0000000e+000
  1.0800000e+002  1.4300000e+002  5.6000000e+002  9.5192300e-001
  1.5900000e+002  1.3500000e+002  5.6400000e+002  3.1730800e-001
  1.0700000e+002  1.5200000e+002  5.5600000e+002  4.2548100e-001
  1.5900000e+002  1.4400000e+002  5.5900000e+002  1.0000000e+000
  1.2200000e+002  1.9000000e+002  6.3400000e+002  1.0000000e+000
  1.4800000e+002  1.8900000e+002  6.3100000e+002  1.0000000e+000
  1.2100000e+002  2.3000000e+002  6.5400000e+002  1.0000000e+000
  1.4500000e+002  2.2700000e+002  6.6000000e+002  1.0000000e+000
  1.2000000e+002  2.4100000e+002  6.1300000e+002  0.0000000e+000
  1.4600000e+002  2.3900000e+002  6.2100000e+002  2.6923100e-001
  1.2900000e+002  5.9000000e+001  6.0000000e+002  1.0000000e+000
  1.1200000e+002  9.5000000e+001  6.3100000e+002  1.0000000e+000
  1.5300000e+002  9.2000000e+001  6.3300000e+002  1.0000000e+000
  1.3200000e+002  8.7000000e+001  6.0800000e+002  0.0000000e+000
  1.3500000e+002  1.0900000e+002  6.5500000e+002  0.0000000e+000
  1.1000000e+002  1.3400000e+002  6.2400000e+002  9.2307700e-001
  1.5800000e+002  1.3100000e+002  6.3300000e+002  1.0000000e+000
  1.3400000e+002  1.3200000e+002  6.5800000e+002  0.0000000e+000
  1.0500000e+002  1.2400000e+002  6.1900000e+002  1.0000000e+000
  1.6300000e+002  1.2000000e+002  6.3300000e+002  1.0000000e+000
  1.0600000e+002  1.4900000e+002  5.6900000e+002  1.0000000e+000
  1.6400000e+002  1.4200000e+002  5.7800000e+002  1.0000000e+000
  1.0700000e+002  1.5700000e+002  5.7000000e+002  4.5913500e-001
  1.6600000e+002  1.4900000e+002  5.6800000e+002  9.4711500e-001
  1.2200000e+002  1.9000000e+002  6.3400000e+002  1.0000000e+000
  1.4800000e+002  1.8900000e+002  6.3200000e+002  1.0000000e+000
  1.2100000e+002  2.3000000e+002  6.5300000e+002  1.0000000e+000
  1.4600000e+002  2.2800000e+002  6.5800000e+002  1.0000000e+000
  1.2000000e+002  2.4100000e+002  6.1200000e+002  0.0000000e+000
  1.4700000e+002  2.4000000e+002  6.1800000e+002  7.6923000e-002
  1.2800000e+002  5.9000000e+001  5.9600000e+002  1.0000000e+000
  1.1200000e+002  9.5000000e+001  6.3400000e+002  1.0000000e+000
  1.5300000e+002  9.2000000e+001  6.2800000e+002  1.0000000e+000
  1.3000000e+002  8.7000000e+001  6.0800000e+002  0.0000000e+000
  1.3500000e+002  1.0800000e+002  6.5400000e+002  0.0000000e+000
  1.1000000e+002  1.3400000e+002  6.2800000e+002  6.5384600e-001
  1.5800000e+002  1.3100000e+002  6.2900000e+002  1.0000000e+000
  1.3500000e+002  1.3200000e+002  6.5900000e+002  0.0000000e+000
  1.0500000e+002  1.2400000e+002  6.2500000e+002  1.0000000e+000
  1.6200000e+002  1.2000000e+002  6.3900000e+002  1.0000000e+000
  1.0600000e+002  1.5300000e+002  5.9100000e+002  1.0000000e+000
  1.6700000e+002  1.4600000e+002  5.9300000e+002  1.0000000e+000
  1.0600000e+002  1.5900000e+002  5.7800000e+002  4.8080000e-003
  1.6700000e+002  1.5300000e+002  5.8400000e+002  7.2836500e-001
  1.2100000e+002  1.9000000e+002  6.3400000e+002  1.0000000e+000
  1.4800000e+002  1.8900000e+002  6.3200000e+002  1.0000000e+000
  1.2100000e+002  2.3000000e+002  6.5400000e+002  1.0000000e+000
  1.4600000e+002  2.2800000e+002  6.5800000e+002  1.0000000e+000
  1.1800000e+002  2.4100000e+002  6.1300000e+002  0.0000000e+000
  1.4600000e+002  2.4000000e+002  6.1800000e+002  1.5384600e-001
  1.2700000e+002  5.9000000e+001  5.9500000e+002  1.0000000e+000
  1.1200000e+002  9.5000000e+001  6.3500000e+002  1.0000000e+000
  1.5300000e+002  9.2000000e+001  6.2800000e+002  1.0000000e+000
  1.3000000e+002  8.7000000e+001  6.0900000e+002  0.0000000e+000
  1.3500000e+002  1.0900000e+002  6.5400000e+002  0.0000000e+000
  1.1000000e+002  1.3400000e+002  6.3300000e+002  6.2500000e-001
  1.5800000e+002  1.3100000e+002  6.2400000e+002  9.4230800e-001
  1.3600000e+002  1.3200000e+002  6.5900000e+002  0.0000000e+000
  1.0500000e+002  1.2400000e+002  6.2400000e+002  1.0000000e+000
  1.6200000e+002  1.2100000e+002  6.3600000e+002  1.0000000e+000
  1.0600000e+002  1.5500000e+002  5.9700000e+002  1.0000000e+000
  1.6700000e+002  1.4900000e+002  6.0000000e+002  1.0000000e+000
  1.0700000e+002  1.6200000e+002  5.8600000e+002  2.7403800e-001
  1.6800000e+002  1.5600000e+002  5.9000000e+002  6.6105800e-001
  1.2200000e+002  1.9000000e+002  6.3400000e+002  1.0000000e+000
  1.4800000e+002  1.8900000e+002  6.3300000e+002  1.0000000e+000
  1.2100000e+002  2.3000000e+002  6.5400000e+002  1.0000000e+000
  1.4600000e+002  2.2800000e+002  6.5800000e+002  1.0000000e+000
  1.1600000e+002  2.4100000e+002  6.1300000e+002  0.0000000e+000
  1.4500000e+002  2.4000000e+002  6.1700000e+002  3.8462000e-002
  1.2800000e+002  5.9000000e+001  5.9300000e+002  1.0000000e+000
  1.1200000e+002  9.5000000e+001  6.3600000e+002  1.0000000e+000
  1.5300000e+002  9.2000000e+001  6.2800000e+002  1.0000000e+000
  1.3000000e+002  8.7000000e+001  6.0900000e+002  0.0000000e+000
  1.3500000e+002  1.0900000e+002  6.5400000e+002  0.0000000e+000
  1.1000000e+002  1.3400000e+002  6.3200000e+002  5.2884600e-001
  1.5800000e+002  1.3100000e+002  6.2500000e+002  8.9423100e-001
  1.3600000e+002  1.3200000e+002  6.5900000e+002  0.0000000e+000
  1.0500000e+002  1.2400000e+002  6.2800000e+002  1.0000000e+000
  1.6200000e+002  1.2000000e+002  6.3700000e+002  1.0000000e+000
  1.0600000e+002  1.5500000e+002  6.0200000e+002  1.0000000e+000
  1.6700000e+002  1.5100000e+002  6.1000000e+002  1.0000000e+000
  1.0700000e+002  1.6300000e+002  5.9800000e+002  1.7307700e-001
  1.6900000e+002  1.5700000e+002  5.9800000e+002  8.1250000e-001
  1.2200000e+002  1.9000000e+002  6.3300000e+002  1.0000000e+000
  1.4800000e+002  1.8900000e+002  6.3200000e+002  1.0000000e+000
  1.2000000e+002  2.3000000e+002  6.5400000e+002  1.0000000e+000
  1.4500000e+002  2.2700000e+002  6.6000000e+002  1.0000000e+000
  1.1600000e+002  2.4100000e+002  6.1300000e+002  0.0000000e+000
  1.4400000e+002  2.3900000e+002  6.1900000e+002  1.9230800e-001
  1.2800000e+002  5.9000000e+001  5.9200000e+002  1.0000000e+000
  1.1200000e+002  9.5000000e+001  6.3400000e+002  1.0000000e+000
  1.5300000e+002  9.3000000e+001  6.2800000e+002  1.0000000e+000
  1.3000000e+002  8.7000000e+001  6.0800000e+002  0.0000000e+000
  1.3500000e+002  1.0900000e+002  6.5300000e+002  0.0000000e+000
  1.1000000e+002  1.3400000e+002  6.3200000e+002  5.0961500e-001
  1.5800000e+002  1.3200000e+002  6.2400000e+002  7.5961500e-001
  1.3600000e+002  1.3200000e+002  6.5800000e+002  0.0000000e+000
  1.0500000e+002  1.2400000e+002  6.2900000e+002  1.0000000e+000
  1.6300000e+002  1.2100000e+002  6.3800000e+002  1.0000000e+000
  1.0600000e+002  1.5600000e+002  6.0600000e+002  1.0000000e+000
  1.6700000e+002  1.5200000e+002  6.1800000e+002  1.0000000e+000
  1.0600000e+002  1.6400000e+002  6.0000000e+002  7.2115000e-002
  1.6800000e+002  1.6000000e+002  6.1000000e+002  7.1153800e-001
  1.2200000e+002  1.9000000e+002  6.3400000e+002  1.0000000e+000
  1.4800000e+002  1.8900000e+002  6.3200000e+002  1.0000000e+000
  1.2100000e+002  2.3000000e+002  6.5400000e+002  1.0000000e+000
  1.4500000e+002  2.2700000e+002  6.6000000e+002  1.0000000e+000
  1.1700000e+002  2.4100000e+002  6.1400000e+002  0.0000000e+000
  1.4400000e+002  2.4000000e+002  6.2000000e+002  2.1153800e-001
  1.2900000e+002  5.9000000e+001  5.9500000e+002  1.0000000e+000
  1.1200000e+002  9.5000000e+001  6.3300000e+002  1.0000000e+000
  1.5300000e+002  9.3000000e+001  6.2800000e+002  1.0000000e+000
  1.3100000e+002  8.7000000e+001  6.0700000e+002  0.0000000e+000
  1.3500000e+002  1.0900000e+002  6.5300000e+002  0.0000000e+000
  1.1000000e+002  1.3400000e+002  6.2800000e+002  5.8653800e-001
  1.5900000e+002  1.3200000e+002  6.2800000e+002  8.7500000e-001
  1.3600000e+002  1.3200000e+002  6.5800000e+002  0.0000000e+000
  1.0500000e+002  1.2400000e+002  6.3000000e+002  1.0000000e+000
  1.6300000e+002  1.2100000e+002  6.3900000e+002  1.0000000e+000
  1.0600000e+002  1.5700000e+002  6.0800000e+002  1.0000000e+000
  1.6800000e+002  1.5300000e+002  6.1900000e+002  1.0000000e+000
  1.0500000e+002  1.6500000e+002  6.0400000e+002  8.8942000e-002
  1.6800000e+002  1.6100000e+002  6.1700000e+002  7.4519200e-001
  1.2200000e+002  1.9000000e+002  6.3400000e+002  1.0000000e+000
  1.4800000e+002  1.9000000e+002  6.3200000e+002  1.0000000e+000
  1.2100000e+002  2.3000000e+002  6.5500000e+002  1.0000000e+000
  1.4600000e+002  2.2800000e+002  6.5800000e+002  1.0000000e+000
  1.1800000e+002  2.4200000e+002  6.1400000e+002  0.0000000e+000
  1.4600000e+002  2.4000000e+002  6.1800000e+002  1.4903800e-001
  1.3000000e+002  5.8000000e+001  5.9700000e+002  1.0000000e+000
  1.1300000e+002  9.5000000e+001  6.3300000e+002  1.0000000e+000
  1.5300000e+002  9.3000000e+001  6.2900000e+002  1.0000000e+000
  1.3100000e+002  8.7000000e+001  6.0800000e+002  0.0000000e+000
  1.3500000e+002  1.0900000e+002  6.5400000e+002  0.0000000e+000
  1.1000000e+002  1.3400000e+002  6.2700000e+002  5.0000000e-001
  1.5900000e+002  1.3200000e+002  6.2800000e+002  9.7115400e-001
  1.3600000e+002  1.3200000e+002  6.5800000e+002  0.0000000e+000
  1.0500000e+002  1.2400000e+002  6.2900000e+002  1.0000000e+000
  1.6300000e+002  1.2200000e+002  6.3800000e+002  1.0000000e+000
  1.0600000e+002  1.5700000e+002  6.0900000e+002  1.0000000e+000
  1.6700000e+002  1.5400000e+002  6.2200000e+002  1.0000000e+000
  1.0500000e+002  1.6500000e+002  6.0400000e+002  5.5288000e-002
  1.6700000e+002  1.6200000e+002  6.1800000e+002  6.9471200e-001
  1.2200000e+002  1.9000000e+002  6.3300000e+002  1.0000000e+000
  1.4800000e+002  1.9000000e+002  6.3100000e+002  1.0000000e+000
  1.2100000e+002  2.3000000e+002  6.5400000e+002  1.0000000e+000
  1.4500000e+002  2.2700000e+002  6.6000000e+002  1.0000000e+000
  1.1800000e+002  2.4100000e+002  6.1400000e+002  0.0000000e+000
  1.4600000e+002  2.4000000e+002  6.2100000e+002  1.6826900e-001
  1.3000000e+002  5.8000000e+001  5.9800000e+002  1.0000000e+000
  1.1300000e+002  9.4000000e+001  6.3200000e+002  1.0000000e+000
  1.5300000e+002  9.3000000e+001  6.3000000e+002  1.0000000e+000
  1.3100000e+002  8.7000000e+001  6.0800000e+002  0.0000000e+000
  1.3500000e+002  1.0900000e+002  6.5300000e+002  0.0000000e+000
  1.1000000e+002  1.3400000e+002  6.2500000e+002  6.7307700e-001
  1.5900000e+002  1.3200000e+002  6.2900000e+002  9.0384600e-001
  1.3500000e+002  1.3200000e+002  6.5700000e+002  0.0000000e+000
  1.0500000e+002  1.2400000e+002  6.2900000e+002  1.0000000e+000
  1.6300000e+002  1.2200000e+002  6.3900000e+002  1.0000000e+000
  1.0500000e+002  1.5700000e+002  6.1100000e+002  1.0000000e+000
  1.6600000e+002  1.5400000e+002  6.1900000e+002  1.0000000e+000
  1.0800000e+002  1.6300000e+002  6.2100000e+002  3.2451900e-001
  1.6500000e+002  1.6200000e+002  6.1600000e+002  7.4519200e-001
  1.2200000e+002  1.9000000e+002  6.3300000e+002  1.0000000e+000
  1.4800000e+002  1.9000000e+002  6.3200000e+002  1.0000000e+000
  1.2100000e+002  2.3000000e+002  6.5500000e+002  1.0000000e+000
  1.4600000e+002  2.2800000e+002  6.5800000e+002  1.0000000e+000
  1.1900000e+002  2.4100000e+002  6.1400000e+002  0.0000000e+000
  1.4700000e+002  2.4000000e+002  6.1800000e+002  1.9231000e-002
  1.3100000e+002  5.8000000e+001  5.9700000e+002  1.0000000e+000
  1.1300000e+002  9.4000000e+001  6.3300000e+002  1.0000000e+000
  1.5300000e+002  9.3000000e+001  6.2900000e+002  1.0000000e+000
  1.3100000e+002  8.7000000e+001  6.0800000e+002  0.0000000e+000
  1.3500000e+002  1.0900000e+002  6.5300000e+002  0.0000000e+000
  1.1000000e+002  1.3400000e+002  6.2600000e+002  5.8653800e-001
  1.5800000e+002  1.3200000e+002  6.2800000e+002  9.2307700e-001
  1.3500000e+002  1.3300000e+002  6.5700000e+002  0.0000000e+000
  1.0500000e+002  1.2400000e+002  6.2900000e+002  1.0000000e+000
  1.6300000e+002  1.2200000e+002  6.3900000e+002  1.0000000e+000
  1.0400000e+002  1.5700000e+002  6.1000000e+002  1.0000000e+000
  1.6600000e+002  1.5400000e+002  6.1700000e+002  1.0000000e+000
  1.0700000e+002  1.6400000e+002  6.0300000e+002  2.5721200e-001
  1.6400000e+002  1.6200000e+002  6.2100000e+002  5.4326900e-001
  1.2200000e+002  1.9000000e+002  6.3400000e+002  1.0000000e+000
  1.4800000e+002  1.9000000e+002  6.3100000e+002  1.0000000e+000
  1.2100000e+002  2.3000000e+002  6.5500000e+002  1.0000000e+000
  1.4500000e+002  2.2800000e+002  6.6000000e+002  1.0000000e+000
  1.1900000e+002  2.4200000e+002  6.1400000e+002  0.0000000e+000
  1.4600000e+002  2.4000000e+002  6.2000000e+002  2.3076900e-001
  1.3100000e+002  5.9000000e+001  5.9700000e+002  1.0000000e+000
  1.1300000e+002  9.5000000e+001  6.3200000e+002  1.0000000e+000
  1.5300000e+002  9.3000000e+001  6.3000000e+002  1.0000000e+000
  1.3100000e+002  8.7000000e+001  6.0800000e+002  0.0000000e+000
  1.3500000e+002  1.0900000e+002  6.5300000e+002  0.0000000e+000
  1.1000000e+002  1.3400000e+002  6.2700000e+002  5.5769200e-001
  1.5900000e+002  1.3200000e+002  6.2600000e+002  9.6153800e-001
  1.3600000e+002  1.3200000e+002  6.5700000e+002  0.0000000e+000
  1.0500000e+002  1.2500000e+002  6.2900000e+002  1.0000000e+000
  1.6300000e+002  1.2200000e+002  6.3800000e+002  1.0000000e+000
  1.0500000e+002  1.5800000e+002  6.0700000e+002  1.0000000e+000
  1.6600000e+002  1.5400000e+002  6.1400000e+002  1.0000000e+000
  1.0400000e+002  1.6600000e+002  6.0300000e+002  4.8080000e-003
  1.6400000e+002  1.6200000e+002  6.1200000e+002  5.2644200e-001
  1.2200000e+002  1.9000000e+002  6.3300000e+002  1.0000000e+000
  1.4800000e+002  1.9000000e+002  6.3200000e+002  1.0000000e+000
  1.2100000e+002  2.3000000e+002  6.5400000e+002  1.0000000e+000
  1.4600000e+002  2.2800000e+002  6.5800000e+002  1.0000000e+000
  1.1800000e+002  2.4200000e+002  6.1300000e+002  0.0000000e+000
  1.4600000e+002  2.4000000e+002  6.1700000e+002  3.3654000e-002
  1.3100000e+002  5.9000000e+001  5.9700000e+002  1.0000000e+000
  1.1300000e+002  9.4000000e+001  6.3200000e+002  1.0000000e+000
  1.5400000e+002  9.3000000e+001  6.3000000e+002  1.0000000e+000
  1.3200000e+002  8.7000000e+001  6.0800000e+002  0.0000000e+000
  1.3500000e+002  1.0900000e+002  6.5300000e+002  0.0000000e+000
  1.1000000e+002  1.3400000e+002  6.2700000e+002  4.8076900e-001
  1.5900000e+002  1.3200000e+002  6.2800000e+002  8.3653800e-001
  1.3500000e+002  1.3200000e+002  6.5700000e+002  0.0000000e+000
  1.0500000e+002  1.2400000e+002  6.2800000e+002  1.0000000e+000
  1.6300000e+002  1.2300000e+002  6.3600000e+002  1.0000000e+000
  1.0700000e+002  1.5700000e+002  6.0700000e+002  1.0000000e+000
  1.6600000e+002  1.5500000e+002  6.1000000e+002  1.0000000e+000
  1.0200000e+002  1.6300000e+002  5.9800000e+002  2.5721200e-001
  1.6400000e+002  1.6300000e+002  6.0900000e+002  5.6009600e-001
  1.2200000e+002  1.9000000e+002  6.3300000e+002  1.0000000e+000
  1.4800000e+002  1.8900000e+002  6.3100000e+002  1.0000000e+000
  1.2100000e+002  2.3000000e+002  6.5500000e+002  1.0000000e+000
  1.4500000e+002  2.2700000e+002  6.6100000e+002  1.0000000e+000
  1.1800000e+002  2.4100000e+002  6.1400000e+002  0.0000000e+000
  1.4500000e+002  2.4000000e+002  6.2200000e+002  1.7307700e-001
  1.3100000e+002  5.8000000e+001  5.9700000e+002  1.0000000e+000
