  1.3500000e+002  9.5000000e+001  6.5100000e+002  1.0000000e+000
  1.7600000e+002  9.4000000e+001  6.2600000e+002  1.0000000e+000
  1.5100000e+002  8.5000000e+001  6.1000000e+002  0.0000000e+000
  1.5800000e+002  1.1000000e+002  6.5600000e+002  0.0000000e+000
  1.3100000e+002  1.3100000e+002  6.4800000e+002  1.0576900e-001
  1.7800000e+002  1.3000000e+002  6.2500000e+002  5.2884600e-001
  1.5700000e+002  1.2900000e+002  6.6800000e+002  0.0000000e+000
  1.2600000e+002  1.2300000e+002  6.4000000e+002  1.0000000e+000
  1.8400000e+002  1.2400000e+002  6.2300000e+002  1.0000000e+000
  1.3600000e+002  1.5200000e+002  6.1500000e+002  1.0000000e+000
  1.7000000e+002  1.5300000e+002  6.0500000e+002  1.0000000e+000
  1.3600000e+002  1.6000000e+002  6.0700000e+002  7.2115000e-002
  1.6400000e+002  1.5800000e+002  5.9800000e+002  8.1250000e-001
  1.4100000e+002  1.9100000e+002  6.4800000e+002  1.0000000e+000
  1.6500000e+002  1.9100000e+002  6.3600000e+002  1.0000000e+000
  1.4000000e+002  2.3500000e+002  6.6800000e+002  1.0000000e+000
  1.6200000e+002  2.3600000e+002  6.5800000e+002  1.0000000e+000
  1.3400000e+002  2.4600000e+002  6.2400000e+002  0.0000000e+000
  1.5800000e+002  2.4800000e+002  6.1500000e+002  0.0000000e+000
  1.5400000e+002  6.4000000e+001  5.9900000e+002  1.0000000e+000
  1.3600000e+002  9.5000000e+001  6.4400000e+002  1.0000000e+000
  1.7800000e+002  9.4000000e+001  6.3100000e+002  1.0000000e+000
  1.5400000e+002  8.5000000e+001  6.0800000e+002  0.0000000e+000
  1.5800000e+002  1.1000000e+002  6.5500000e+002  0.0000000e+000
  1.3100000e+002  1.3200000e+002  6.3900000e+002  1.8269200e-001
  1.7900000e+002  1.3000000e+002  6.2800000e+002  5.4807700e-001
  1.5600000e+002  1.3000000e+002  6.6600000e+002  0.0000000e+000
  1.2500000e+002  1.2200000e+002  6.3000000e+002  1.0000000e+000
  1.8600000e+002  1.2300000e+002  6.2600000e+002  1.0000000e+000
  1.3800000e+002  1.5100000e+002  6.0900000e+002  1.0000000e+000
  1.7100000e+002  1.5200000e+002  6.0500000e+002  1.0000000e+000
  1.3700000e+002  1.6000000e+002  6.0300000e+002  3.8462000e-002
  1.6700000e+002  1.5900000e+002  6.0300000e+002  9.4711500e-001
  1.4100000e+002  1.9100000e+002  6.4500000e+002  1.0000000e+000
  1.6500000e+002  1.9200000e+002  6.3500000e+002  1.0000000e+000
  1.4000000e+002  2.3700000e+002  6.6200000e+002  1.0000000e+000
  1.6200000e+002  2.3600000e+002  6.5700000e+002  1.0000000e+000
  1.3600000e+002  2.4800000e+002  6.1700000e+002  0.0000000e+000
  1.5900000e+002  2.4800000e+002  6.1300000e+002  0.0000000e+000
  1.5600000e+002  6.3000000e+001  5.9900000e+002  1.0000000e+000
  1.3600000e+002  9.4000000e+001  6.4000000e+002  1.0000000e+000
  1.7900000e+002  9.5000000e+001  6.3300000e+002  1.0000000e+000
  1.5600000e+002  8.4000000e+001  6.0700000e+002  0.0000000e+000
  1.5800000e+002  1.1000000e+002  6.5400000e+002  0.0000000e+000
  1.3100000e+002  1.3200000e+002  6.3300000e+002  2.9807700e-001
  1.7900000e+002  1.3000000e+002  6.2900000e+002  5.5769200e-001
  1.5500000e+002  1.3000000e+002  6.6400000e+002  0.0000000e+000
  1.2600000e+002  1.2100000e+002  6.2100000e+002  1.0000000e+000
  1.8700000e+002  1.2300000e+002  6.3200000e+002  1.0000000e+000
  1.3800000e+002  1.5100000e+002  6.0500000e+002  1.0000000e+000
  1.7400000e+002  1.5200000e+002  6.0800000e+002  1.0000000e+000
  1.3700000e+002  1.5900000e+002  5.9700000e+002  7.2115000e-002
  1.6800000e+002  1.5700000e+002  6.0300000e+002  9.8076900e-001
  1.4100000e+002  1.9200000e+002  6.3600000e+002  1.0000000e+000
  1.6500000e+002  1.9200000e+002  6.3500000e+002  1.0000000e+000
  1.4000000e+002  2.3700000e+002  6.5900000e+002  1.0000000e+000
  1.6200000e+002  2.3700000e+002  6.5600000e+002  1.0000000e+000
  1.3800000e+002  2.4900000e+002  6.1500000e+002  0.0000000e+000
  1.6100000e+002  2.4900000e+002  6.1100000e+002  0.0000000e+000
  1.5800000e+002  6.3000000e+001  5.9700000e+002  1.0000000e+000
  1.3600000e+002  9.4000000e+001  6.3200000e+002  1.0000000e+000
  1.7900000e+002  9.5000000e+001  6.4000000e+002  1.0000000e+000
  1.5900000e+002  8.5000000e+001  6.0600000e+002  0.0000000e+000
  1.5700000e+002  1.1000000e+002  6.5400000e+002  0.0000000e+000
  1.3100000e+002  1.3200000e+002  6.2300000e+002  3.6538500e-001
  1.7900000e+002  1.3200000e+002  6.3200000e+002  4.4230800e-001
  1.5400000e+002  1.3100000e+002  6.6000000e+002  0.0000000e+000
  1.2700000e+002  1.2000000e+002  6.1000000e+002  1.0000000e+000
  1.8700000e+002  1.2300000e+002  6.3300000e+002  1.0000000e+000
  1.4000000e+002  1.5100000e+002  5.9500000e+002  1.0000000e+000
  1.7400000e+002  1.5100000e+002  6.0800000e+002  1.0000000e+000
  1.4500000e+002  1.5700000e+002  6.0100000e+002  5.0961500e-001
  1.6800000e+002  1.5700000e+002  6.0500000e+002  8.1250000e-001
  1.4100000e+002  1.9400000e+002  6.2200000e+002  1.0000000e+000
  1.6500000e+002  1.9300000e+002  6.3500000e+002  1.0000000e+000
  1.4000000e+002  2.3600000e+002  6.5600000e+002  1.0000000e+000
  1.6100000e+002  2.3800000e+002  6.5500000e+002  1.0000000e+000
  1.3900000e+002  2.5100000e+002  6.1300000e+002  0.0000000e+000
  1.6300000e+002  2.5000000e+002  6.1100000e+002  0.0000000e+000
  1.6000000e+002  6.3000000e+001  6.0000000e+002  1.0000000e+000
  1.3800000e+002  9.2000000e+001  6.1700000e+002  1.0000000e+000
  1.7800000e+002  9.5000000e+001  6.5100000e+002  1.0000000e+000
  1.6400000e+002  8.5000000e+001  6.0600000e+002  0.0000000e+000
  1.5500000e+002  1.0900000e+002  6.5200000e+002  0.0000000e+000
  1.3400000e+002  1.3100000e+002  6.0400000e+002  1.0000000e+000
  1.8000000e+002  1.3200000e+002  6.4000000e+002  2.2115400e-001
  1.5300000e+002  1.3100000e+002  6.5300000e+002  0.0000000e+000
  1.3000000e+002  1.1900000e+002  5.9200000e+002  1.0000000e+000
  1.8900000e+002  1.2000000e+002  6.2700000e+002  1.0000000e+000
  1.4600000e+002  1.4900000e+002  5.8200000e+002  1.0000000e+000
  1.7500000e+002  1.4200000e+002  5.8500000e+002  1.0000000e+000
  1.5200000e+002  1.5300000e+002  5.9300000e+002  7.4519200e-001
  1.7000000e+002  1.4900000e+002  5.8800000e+002  8.7980800e-001
  1.4100000e+002  1.9500000e+002  6.0400000e+002  1.0000000e+000
  1.6600000e+002  1.9300000e+002  6.3500000e+002  1.0000000e+000
  1.3600000e+002  2.3900000e+002  6.3400000e+002  1.0000000e+000
  1.6200000e+002  2.3800000e+002  6.5300000e+002  1.0000000e+000
  1.3900000e+002  2.5400000e+002  5.9200000e+002  0.0000000e+000
  1.6900000e+002  2.5000000e+002  6.1200000e+002  0.0000000e+000
  1.6300000e+002  6.1000000e+001  6.0400000e+002  1.0000000e+000
  1.3900000e+002  9.0000000e+001  6.1000000e+002  1.0000000e+000
  1.7600000e+002  9.5000000e+001  6.5800000e+002  1.0000000e+000
  1.6600000e+002  8.4000000e+001  6.0800000e+002  0.0000000e+000
  1.5300000e+002  1.0800000e+002  6.5100000e+002  0.0000000e+000
  1.3600000e+002  1.2900000e+002  5.9300000e+002  1.0000000e+000
  1.7900000e+002  1.3200000e+002  6.4700000e+002  3.4615400e-001
  1.5100000e+002  1.3000000e+002  6.4800000e+002  0.0000000e+000
  1.3300000e+002  1.1600000e+002  5.7900000e+002  1.0000000e+000
  1.9300000e+002  1.1300000e+002  6.2300000e+002  1.0000000e+000
  1.5300000e+002  1.4400000e+002  5.7400000e+002  1.0000000e+000
  1.7600000e+002  1.2300000e+002  5.7100000e+002  1.0000000e+000
  1.5600000e+002  1.5100000e+002  5.8200000e+002  9.4711500e-001
  1.7400000e+002  1.3200000e+002  5.6600000e+002  1.0000000e+000
  1.3900000e+002  1.9400000e+002  5.9700000e+002  1.0000000e+000
  1.6600000e+002  1.9200000e+002  6.3400000e+002  1.0000000e+000
  1.3200000e+002  2.4400000e+002  6.0900000e+002  1.0000000e+000
  1.6200000e+002  2.3800000e+002  6.5300000e+002  1.0000000e+000
  1.4000000e+002  2.5600000e+002  5.6900000e+002  0.0000000e+000
  1.7300000e+002  2.4900000e+002  6.1400000e+002  0.0000000e+000
  1.6100000e+002  6.0000000e+001  6.0500000e+002  1.0000000e+000
  1.4200000e+002  8.8000000e+001  6.0300000e+002  1.0000000e+000
  1.7500000e+002  9.4000000e+001  6.6300000e+002  1.0000000e+000
  1.6900000e+002  8.4000000e+001  6.0900000e+002  5.7692000e-002
  1.5200000e+002  1.0600000e+002  6.4900000e+002  0.0000000e+000
  1.3900000e+002  1.2800000e+002  5.8400000e+002  1.0000000e+000
  1.7700000e+002  1.3100000e+002  6.5100000e+002  5.8653800e-001
  1.5000000e+002  1.2900000e+002  6.4300000e+002  0.0000000e+000
  1.3700000e+002  1.1400000e+002  5.6700000e+002  1.0000000e+000
  1.9600000e+002  1.0400000e+002  6.2000000e+002  1.0000000e+000
  1.6000000e+002  1.4000000e+002  5.6700000e+002  1.0000000e+000
  1.8300000e+002  1.0600000e+002  5.5900000e+002  8.5576900e-001
  1.6000000e+002  1.4800000e+002  5.7500000e+002  7.1153800e-001
  1.7800000e+002  1.1200000e+002  5.5100000e+002  1.0000000e+000
  1.3800000e+002  1.9300000e+002  5.8900000e+002  1.0000000e+000
  1.6600000e+002  1.9200000e+002  6.3100000e+002  1.0000000e+000
  1.3000000e+002  2.4700000e+002  5.8400000e+002  1.0000000e+000
  1.6200000e+002  2.3700000e+002  6.5200000e+002  1.0000000e+000
  1.4200000e+002  2.5700000e+002  5.4900000e+002  0.0000000e+000
  1.7500000e+002  2.4800000e+002  6.1700000e+002  0.0000000e+000
  1.6100000e+002  6.0000000e+001  6.0200000e+002  1.0000000e+000
  1.4300000e+002  8.6000000e+001  5.8600000e+002  1.0000000e+000
  1.6700000e+002  9.5000000e+001  6.6500000e+002  1.0000000e+000
  1.6800000e+002  8.3000000e+001  6.1000000e+002  0.0000000e+000
  1.4700000e+002  1.0600000e+002  6.3500000e+002  0.0000000e+000
  1.4200000e+002  1.2500000e+002  5.7200000e+002  7.8846200e-001
  1.7100000e+002  1.3100000e+002  6.5900000e+002  2.0192300e-001
  1.4500000e+002  1.2900000e+002  6.3400000e+002  0.0000000e+000
  1.4100000e+002  1.1200000e+002  5.4900000e+002  1.0000000e+000
  1.9400000e+002  9.5000000e+001  6.3600000e+002  1.0000000e+000
  1.6700000e+002  1.3600000e+002  5.5800000e+002  1.0000000e+000
  1.9600000e+002  8.3000000e+001  5.6800000e+002  4.2307700e-001
  1.7000000e+002  1.4300000e+002  5.6800000e+002  7.7884600e-001
  1.9100000e+002  8.3000000e+001  5.5300000e+002  9.8076900e-001
  1.3500000e+002  1.9200000e+002  5.7700000e+002  1.0000000e+000
  1.6600000e+002  1.9100000e+002  6.2500000e+002  1.0000000e+000
  1.2500000e+002  2.5000000e+002  5.5700000e+002  1.0000000e+000
  1.6200000e+002  2.3400000e+002  6.5500000e+002  1.0000000e+000
  1.4300000e+002  2.5700000e+002  5.3100000e+002  0.0000000e+000
  1.7800000e+002  2.4400000e+002  6.2700000e+002  0.0000000e+000
  1.6100000e+002  5.9000000e+001  5.9300000e+002  1.0000000e+000
  1.4400000e+002  8.7000000e+001  5.7600000e+002  1.0000000e+000
  1.6700000e+002  9.3000000e+001  6.5500000e+002  1.0000000e+000
  1.7000000e+002  8.4000000e+001  5.9900000e+002  0.0000000e+000
  1.4600000e+002  1.0400000e+002  6.2900000e+002  0.0000000e+000
  1.4200000e+002  1.2600000e+002  5.6400000e+002  9.3269200e-001
  1.6900000e+002  1.3100000e+002  6.5400000e+002  2.8846000e-002
  1.4400000e+002  1.2900000e+002  6.2700000e+002  1.0096200e-001
  1.4100000e+002  1.1200000e+002  5.3700000e+002  1.0000000e+000
  1.9600000e+002  8.9000000e+001  6.4600000e+002  1.0000000e+000
  1.6800000e+002  1.3400000e+002  5.5500000e+002  1.0000000e+000
  1.9200000e+002  7.1000000e+001  5.8500000e+002  7.8846200e-001
  1.7000000e+002  1.4200000e+002  5.6300000e+002  1.0000000e+000
  1.9800000e+002  6.9000000e+001  5.6900000e+002  1.0000000e+000
  1.3400000e+002  1.9300000e+002  5.6900000e+002  1.0000000e+000
  1.6600000e+002  1.9200000e+002  6.2100000e+002  1.0000000e+000
  1.2300000e+002  2.5200000e+002  5.4800000e+002  1.0000000e+000
  1.6200000e+002  2.3500000e+002  6.5400000e+002  1.0000000e+000
  1.4200000e+002  2.5900000e+002  5.2500000e+002  0.0000000e+000
  1.7800000e+002  2.4400000e+002  6.2900000e+002  0.0000000e+000
  1.6100000e+002  5.7000000e+001  5.8800000e+002  8.1250000e-001
  1.4400000e+002  8.6000000e+001  5.6300000e+002  1.0000000e+000
  1.6700000e+002  9.1000000e+001  6.4300000e+002  1.0000000e+000
  1.7100000e+002  8.5000000e+001  5.8600000e+002  0.0000000e+000
  1.4500000e+002  1.0200000e+002  6.1800000e+002  0.0000000e+000
  1.4100000e+002  1.2700000e+002  5.5600000e+002  9.8076900e-001
  1.6700000e+002  1.3100000e+002  6.4800000e+002  2.8846200e-001
  1.4200000e+002  1.2700000e+002  6.1800000e+002  1.4423000e-002
  1.3900000e+002  1.1300000e+002  5.2900000e+002  1.0000000e+000
  1.9200000e+002  8.5000000e+001  6.6700000e+002  1.0000000e+000
  1.6400000e+002  1.3700000e+002  5.5200000e+002  1.0000000e+000
  1.9700000e+002  6.8000000e+001  6.0500000e+002  1.0000000e+000
  1.6900000e+002  1.3800000e+002  5.6700000e+002  7.7884600e-001
  2.0100000e+002  6.3000000e+001  5.9000000e+002  8.6298100e-001
  1.3400000e+002  1.9600000e+002  5.6100000e+002  1.0000000e+000
  1.6500000e+002  1.9300000e+002  6.1700000e+002  1.0000000e+000
  1.2100000e+002  2.5500000e+002  5.4100000e+002  1.0000000e+000
  1.6200000e+002  2.3400000e+002  6.5300000e+002  1.0000000e+000
  1.4100000e+002  2.6300000e+002  5.1800000e+002  0.0000000e+000
  1.7800000e+002  2.4300000e+002  6.3000000e+002  0.0000000e+000
  1.6100000e+002  5.6000000e+001  5.8200000e+002  6.4423100e-001
  1.4000000e+002  9.2000000e+001  5.4400000e+002  1.0000000e+000
  1.6500000e+002  9.3000000e+001  6.2400000e+002  1.9230800e-001
  1.6800000e+002  8.9000000e+001  5.6600000e+002  0.0000000e+000
  1.4200000e+002  1.0500000e+002  6.0100000e+002  0.0000000e+000
  1.3600000e+002  1.3300000e+002  5.4300000e+002  9.3269200e-001
  1.6400000e+002  1.3100000e+002  6.3500000e+002  5.4807700e-001
  1.3900000e+002  1.2900000e+002  6.0600000e+002  0.0000000e+000
  1.3000000e+002  1.2100000e+002  5.1600000e+002  1.0000000e+000
  1.8000000e+002  8.9000000e+001  6.7400000e+002  1.0000000e+000
  1.5500000e+002  1.4300000e+002  5.4400000e+002  1.0000000e+000
  2.0000000e+002  6.9000000e+001  6.4500000e+002  1.0000000e+000
  1.5700000e+002  1.5000000e+002  5.5600000e+002  1.0000000e+000
  2.0500000e+002  6.5000000e+001  6.2900000e+002  8.9663500e-001
  1.3200000e+002  2.0100000e+002  5.4400000e+002  1.0000000e+000
  1.6300000e+002  1.9500000e+002  6.0500000e+002  1.0000000e+000
  1.2100000e+002  2.6100000e+002  5.3300000e+002  1.0000000e+000
  1.6200000e+002  2.3300000e+002  6.5200000e+002  1.0000000e+000
  1.4000000e+002  2.7000000e+002  5.0800000e+002  0.0000000e+000
  1.7700000e+002  2.4400000e+002  6.2600000e+002  0.0000000e+000
  1.6200000e+002  5.8000000e+001  5.6000000e+002  1.0000000e+000
  1.3600000e+002  9.7000000e+001  5.3500000e+002  1.0000000e+000
  1.6600000e+002  9.7000000e+001  6.1000000e+002  4.8077000e-002
  1.6600000e+002  9.4000000e+001  5.5100000e+002  0.0000000e+000
  1.4000000e+002  1.0800000e+002  5.9300000e+002  0.0000000e+000
  1.3000000e+002  1.3900000e+002  5.3500000e+002  9.7115400e-001
  1.6400000e+002  1.3400000e+002  6.2000000e+002  6.1538500e-001
  1.3700000e+002  1.3300000e+002  5.9700000e+002  0.0000000e+000
  1.1900000e+002  1.2500000e+002  5.1100000e+002  1.0000000e+000
  1.7700000e+002  9.5000000e+001  6.6800000e+002  1.0000000e+000
  1.4700000e+002  1.4800000e+002  5.3100000e+002  1.0000000e+000
  2.0100000e+002  7.8000000e+001  6.6900000e+002  1.0000000e+000
  1.4900000e+002  1.5700000e+002  5.3000000e+002  5.0961500e-001
  2.0700000e+002  7.3000000e+001  6.6800000e+002  6.1057700e-001
  1.3000000e+002  2.0800000e+002  5.2700000e+002  1.0000000e+000
  1.6000000e+002  1.9900000e+002  6.0000000e+002  1.0000000e+000
  1.2300000e+002  2.6500000e+002  5.3600000e+002  1.0000000e+000
  1.6100000e+002  2.3600000e+002  6.5100000e+002  1.0000000e+000
  1.3600000e+002  2.7800000e+002  5.0000000e+002  0.0000000e+000
  1.7500000e+002  2.4800000e+002  6.2200000e+002  0.0000000e+000
  1.5800000e+002  6.0000000e+001  5.4700000e+002  1.0000000e+000
  1.3000000e+002  1.0000000e+002  5.2900000e+002  1.0000000e+000
  1.6200000e+002  1.0000000e+002  6.0200000e+002  3.6538500e-001
  1.6000000e+002  9.6000000e+001  5.4300000e+002  0.0000000e+000
  1.3800000e+002  1.1400000e+002  5.8500000e+002  0.0000000e+000
  1.2400000e+002  1.4800000e+002  5.2300000e+002  1.0000000e+000
  1.6300000e+002  1.3900000e+002  6.0100000e+002  7.9807700e-001
  1.3300000e+002  1.3900000e+002  5.8300000e+002  0.0000000e+000
  1.0700000e+002  1.2700000e+002  5.1400000e+002  1.0000000e+000
  1.7600000e+002  1.0500000e+002  6.5700000e+002  9.6923100e-001
  1.4100000e+002  1.4600000e+002  5.1400000e+002  1.0000000e+000
  1.9800000e+002  9.5000000e+001  6.9200000e+002  1.0000000e+000
  1.4300000e+002  1.5600000e+002  5.1600000e+002  1.0000000e+000
  2.0400000e+002  9.0000000e+001  6.8800000e+002  3.2451900e-001
  1.2600000e+002  2.1700000e+002  5.1200000e+002  1.0000000e+000
  1.5700000e+002  2.0600000e+002  5.8600000e+002  1.0000000e+000
  1.2400000e+002  2.7000000e+002  5.3700000e+002  7.5360600e-001
  1.6200000e+002  2.3500000e+002  6.5400000e+002  7.4423100e-001
  1.3100000e+002  2.8800000e+002  4.9600000e+002  0.0000000e+000
  1.7200000e+002  2.5200000e+002  6.2200000e+002  0.0000000e+000
  1.5400000e+002  6.3000000e+001  5.3400000e+002  1.0000000e+000
  1.2000000e+002  1.0000000e+002  5.2700000e+002  1.0000000e+000
  1.6200000e+002  1.0500000e+002  5.8000000e+002  1.0000000e+000
  1.5200000e+002  9.5000000e+001  5.2700000e+002  0.0000000e+000
  1.3500000e+002  1.1800000e+002  5.7300000e+002  0.0000000e+000
  1.1400000e+002  1.4600000e+002  5.2300000e+002  1.0000000e+000
  1.6300000e+002  1.4300000e+002  5.8000000e+002  1.0000000e+000
  1.3200000e+002  1.4200000e+002  5.7900000e+002  0.0000000e+000
  1.0200000e+002  1.3000000e+002  5.2000000e+002  1.0000000e+000
  1.7400000e+002  1.2800000e+002  6.1500000e+002  1.0000000e+000
  1.3000000e+002  1.5300000e+002  5.0100000e+002  1.0000000e+000
  1.9300000e+002  1.3600000e+002  6.6100000e+002  1.0000000e+000
  1.3300000e+002  1.6200000e+002  5.0500000e+002  1.0000000e+000
  1.9800000e+002  1.3900000e+002  6.7300000e+002  0.0000000e+000
  1.2100000e+002  2.2000000e+002  5.0200000e+002  1.0000000e+000
  1.5500000e+002  2.1200000e+002  5.6500000e+002  1.0000000e+000
  1.2000000e+002  2.7600000e+002  5.2000000e+002  3.3173100e-001
  1.6100000e+002  2.3300000e+002  6.4800000e+002  3.0985600e-001
  1.2400000e+002  2.9400000e+002  4.7700000e+002  0.0000000e+000
  1.6500000e+002  2.5300000e+002  6.1800000e+002  0.0000000e+000
  1.5000000e+002  6.6000000e+001  5.1900000e+002  1.0000000e+000
  1.1500000e+002  1.0100000e+002  5.3200000e+002  1.0000000e+000
  1.6200000e+002  1.0600000e+002  5.6500000e+002  1.0000000e+000
  1.4500000e+002  9.4000000e+001  5.2000000e+002  3.8462000e-002
  1.3500000e+002  1.2000000e+002  5.6700000e+002  0.0000000e+000
  1.0700000e+002  1.5000000e+002  5.2400000e+002  1.0000000e+000
  1.6100000e+002  1.4300000e+002  5.6300000e+002  1.0000000e+000
  1.3000000e+002  1.4400000e+002  5.7400000e+002  0.0000000e+000
  1.0000000e+002  1.3300000e+002  5.2400000e+002  1.0000000e+000
  1.7200000e+002  1.3700000e+002  5.6300000e+002  1.0000000e+000
  1.2500000e+002  1.5300000e+002  4.9000000e+002  1.0000000e+000
  1.8900000e+002  1.6600000e+002  5.7600000e+002  1.0000000e+000
  1.2800000e+002  1.6300000e+002  4.9100000e+002  1.0000000e+000
  1.9100000e+002  1.7400000e+002  5.6500000e+002  1.0000000e+000
  1.1700000e+002  2.2300000e+002  4.9700000e+002  1.0000000e+000
  1.5200000e+002  2.1500000e+002  5.4800000e+002  1.0000000e+000
  1.1800000e+002  2.8200000e+002  5.1000000e+002  2.1923100e-001
  1.5900000e+002  2.2900000e+002  6.4000000e+002  5.2235600e-001
  1.1800000e+002  3.0000000e+002  4.6600000e+002  0.0000000e+000
  1.6100000e+002  2.5100000e+002  6.1400000e+002  0.0000000e+000
  1.4600000e+002  6.7000000e+001  5.1700000e+002  1.0000000e+000
  1.1300000e+002  1.0100000e+002  5.3800000e+002  1.0000000e+000
  1.6200000e+002  1.0700000e+002  5.5900000e+002  1.0000000e+000
  1.4100000e+002  9.2000000e+001  5.2100000e+002  2.4038000e-002
  1.3500000e+002  1.2200000e+002  5.6300000e+002  0.0000000e+000
  1.0400000e+002  1.5200000e+002  5.2200000e+002  1.0000000e+000
  1.6000000e+002  1.4500000e+002  5.5100000e+002  7.5000000e-001
  1.3000000e+002  1.4600000e+002  5.6800000e+002  0.0000000e+000
  1.0000000e+002  1.3300000e+002  5.2300000e+002  1.0000000e+000
  1.6500000e+002  1.3400000e+002  5.1700000e+002  1.0000000e+000
  1.2200000e+002  1.5300000e+002  4.8300000e+002  1.0000000e+000
  1.7100000e+002  1.6900000e+002  4.7900000e+002  1.0000000e+000
  1.2800000e+002  1.6200000e+002  4.8700000e+002  1.0000000e+000
  1.7300000e+002  1.7900000e+002  4.6900000e+002  3.8462000e-002
  1.1400000e+002  2.2600000e+002  4.9400000e+002  1.0000000e+000
  1.5100000e+002  2.1700000e+002  5.4900000e+002  1.0000000e+000
  1.1500000e+002  2.8700000e+002  5.0200000e+002  1.1923100e-001
  1.5800000e+002  2.2800000e+002  6.4300000e+002  5.2548100e-001
  1.1400000e+002  3.0500000e+002  4.5700000e+002  0.0000000e+000
  1.6000000e+002  2.5000000e+002  6.1900000e+002  0.0000000e+000
  1.4300000e+002  6.8000000e+001  5.1700000e+002  1.0000000e+000
  1.1400000e+002  1.0100000e+002  5.4000000e+002  1.0000000e+000
  1.6300000e+002  1.0500000e+002  5.4900000e+002  0.0000000e+000
  1.4000000e+002  9.2000000e+001  5.1600000e+002  6.7308000e-002
  1.3700000e+002  1.2100000e+002  5.6200000e+002  0.0000000e+000
  1.0100000e+002  1.5100000e+002  5.2400000e+002  1.0000000e+000
  1.5800000e+002  1.4200000e+002  5.3900000e+002  1.0000000e+000
  1.2900000e+002  1.4400000e+002  5.6400000e+002  0.0000000e+000
  9.7000000e+001  1.3100000e+002  5.3700000e+002  1.0000000e+000
  1.5600000e+002  1.0900000e+002  4.8800000e+002  1.0000000e+000
  1.1200000e+002  1.4500000e+002  4.8400000e+002  1.0000000e+000
  1.4400000e+002  1.0900000e+002  4.2100000e+002  1.0000000e+000
  1.2000000e+002  1.5300000e+002  4.8400000e+002  1.0000000e+000
  1.3900000e+002  1.0600000e+002  4.0400000e+002  1.0000000e+000
  1.1300000e+002  2.2500000e+002  4.9900000e+002  1.0000000e+000
  1.4900000e+002  2.1400000e+002  5.5000000e+002  1.0000000e+000
  1.1300000e+002  2.8800000e+002  4.9900000e+002  2.2235600e-001
  1.5700000e+002  2.2900000e+002  6.3900000e+002  6.5985600e-001
  1.0900000e+002  3.0500000e+002  4.5300000e+002  0.0000000e+000
  1.5800000e+002  2.5100000e+002  6.1300000e+002  0.0000000e+000
  1.4100000e+002  6.6000000e+001  5.1100000e+002  1.0000000e+000
  1.1300000e+002  1.0200000e+002  5.4500000e+002  1.0000000e+000
  1.6300000e+002  1.0400000e+002  5.3800000e+002  9.6154000e-002
  1.3500000e+002  9.1000000e+001  5.1200000e+002  9.6150000e-003
  1.3900000e+002  1.2100000e+002  5.5900000e+002  0.0000000e+000
  1.0100000e+002  1.5200000e+002  5.3300000e+002  1.0000000e+000
  1.5700000e+002  1.4200000e+002  5.2900000e+002  1.0000000e+000
  1.3100000e+002  1.4400000e+002  5.6400000e+002  0.0000000e+000
  9.9000000e+001  1.3200000e+002  5.4700000e+002  1.0000000e+000
  1.5600000e+002  1.0900000e+002  4.7700000e+002  1.0000000e+000
  1.0800000e+002  1.4300000e+002  4.8800000e+002  1.0000000e+000
  1.3900000e+002  8.7000000e+001  4.2000000e+002  1.0000000e+000
  1.1500000e+002  1.5100000e+002  4.8400000e+002  1.0000000e+000
  1.3500000e+002  7.9000000e+001  4.0600000e+002  1.0000000e+000
  1.1300000e+002  2.2500000e+002  5.0100000e+002  1.0000000e+000
  1.4900000e+002  2.1300000e+002  5.5200000e+002  1.0000000e+000
  1.1300000e+002  2.8800000e+002  5.0000000e+002  1.5673100e-001
  1.5700000e+002  2.3000000e+002  6.3900000e+002  5.8798100e-001
  1.0500000e+002  3.0400000e+002  4.5500000e+002  0.0000000e+000
  1.5700000e+002  2.5200000e+002  6.1200000e+002  0.0000000e+000
  1.4200000e+002  6.5000000e+001  5.1100000e+002  1.0000000e+000
  1.1400000e+002  1.0100000e+002  5.4800000e+002  1.0000000e+000
  1.6300000e+002  1.0300000e+002  5.3500000e+002  0.0000000e+000
  1.3500000e+002  9.0000000e+001  5.1300000e+002  0.0000000e+000
  1.3900000e+002  1.2000000e+002  5.5900000e+002  0.0000000e+000
  1.0200000e+002  1.4900000e+002  5.3800000e+002  1.0000000e+000
  1.5800000e+002  1.4200000e+002  5.2800000e+002  1.0000000e+000
  1.3300000e+002  1.4300000e+002  5.6600000e+002  0.0000000e+000
  1.0000000e+002  1.2900000e+002  5.5600000e+002  1.0000000e+000
  1.5400000e+002  1.0400000e+002  4.7400000e+002  1.0000000e+000
  1.0600000e+002  1.4300000e+002  4.9700000e+002  1.0000000e+000
  1.4000000e+002  7.6000000e+001  4.2200000e+002  1.0000000e+000
  1.1100000e+002  1.5200000e+002  4.9200000e+002  1.0000000e+000
  1.3600000e+002  6.6000000e+001  4.1000000e+002  1.0000000e+000
  1.1400000e+002  2.2300000e+002  5.0300000e+002  1.0000000e+000
  1.5000000e+002  2.1200000e+002  5.5300000e+002  1.0000000e+000
  1.1500000e+002  2.8600000e+002  5.0200000e+002  3.1923100e-001
  1.5800000e+002  2.3200000e+002  6.3700000e+002  8.3798100e-001
  1.0600000e+002  3.0200000e+002  4.5800000e+002  0.0000000e+000
  1.5800000e+002  2.5300000e+002  6.0800000e+002  0.0000000e+000
  1.4200000e+002  6.4000000e+001  5.1100000e+002  4.5673100e-001
  1.1600000e+002  9.9000000e+001  5.5200000e+002  1.0000000e+000
  1.6400000e+002  1.0200000e+002  5.3700000e+002  0.0000000e+000
  1.3700000e+002  9.0000000e+001  5.1400000e+002  1.9231000e-002
  1.4100000e+002  1.1900000e+002  5.6300000e+002  0.0000000e+000
  1.0400000e+002  1.4600000e+002  5.4600000e+002  8.4615400e-001
  1.5900000e+002  1.4200000e+002  5.3100000e+002  1.0000000e+000
  1.3500000e+002  1.4300000e+002  5.7100000e+002  0.0000000e+000
  1.0200000e+002  1.2700000e+002  5.6300000e+002  1.0000000e+000
  1.5800000e+002  1.0500000e+002  4.7500000e+002  1.0000000e+000
  1.0600000e+002  1.4400000e+002  5.0400000e+002  1.0000000e+000
  1.4400000e+002  7.5000000e+001  4.2600000e+002  1.0000000e+000
  1.0900000e+002  1.5300000e+002  4.9900000e+002  1.0000000e+000
  1.4000000e+002  6.6000000e+001  4.1400000e+002  1.0000000e+000
  1.1700000e+002  2.2000000e+002  5.0500000e+002  1.0000000e+000
  1.5300000e+002  2.1100000e+002  5.5700000e+002  1.0000000e+000
  1.1800000e+002  2.8300000e+002  5.0500000e+002  4.4423100e-001
  1.5800000e+002  2.3200000e+002  6.4000000e+002  5.5673100e-001
  1.0900000e+002  2.9800000e+002  4.6000000e+002  0.0000000e+000
  1.5900000e+002  2.5300000e+002  6.1000000e+002  0.0000000e+000
  1.3900000e+002  6.5000000e+001  5.0900000e+002  1.0000000e+000
  1.1700000e+002  9.9000000e+001  5.5700000e+002  1.0000000e+000
  1.6500000e+002  1.0200000e+002  5.3900000e+002  0.0000000e+000
  1.3600000e+002  9.1000000e+001  5.1700000e+002  4.3269000e-002
  1.4200000e+002  1.1700000e+002  5.6900000e+002  0.0000000e+000
  1.0700000e+002  1.4500000e+002  5.5400000e+002  9.0384600e-001
  1.6100000e+002  1.4300000e+002  5.3500000e+002  1.0000000e+000
  1.3800000e+002  1.4300000e+002  5.7700000e+002  0.0000000e+000
  1.0400000e+002  1.2700000e+002  5.6600000e+002  1.0000000e+000
  1.6200000e+002  1.0800000e+002  4.7800000e+002  1.0000000e+000
  1.0900000e+002  1.4500000e+002  5.1000000e+002  1.0000000e+000
  1.4800000e+002  8.2000000e+001  4.2600000e+002  1.0000000e+000
  1.1200000e+002  1.5500000e+002  5.0700000e+002  1.0000000e+000
  1.4200000e+002  7.3000000e+001  4.1300000e+002  1.0000000e+000
  1.1800000e+002  2.1800000e+002  5.0800000e+002  1.0000000e+000
  1.5500000e+002  2.1000000e+002  5.6200000e+002  1.0000000e+000
  1.1800000e+002  2.8100000e+002  5.0800000e+002  3.7548100e-001
  1.5900000e+002  2.3300000e+002  6.4100000e+002  6.2235600e-001
  1.0900000e+002  2.9600000e+002  4.6400000e+002  0.0000000e+000
  1.6000000e+002  2.5400000e+002  6.1000000e+002  0.0000000e+000
  1.4100000e+002  6.3000000e+001  5.1600000e+002  5.9134600e-001
  1.1900000e+002  9.9000000e+001  5.6400000e+002  1.0000000e+000
  1.6700000e+002  1.0100000e+002  5.4600000e+002  0.0000000e+000
  1.3900000e+002  9.1000000e+001  5.2400000e+002  4.9038500e-001
  1.4400000e+002  1.1600000e+002  5.7700000e+002  0.0000000e+000
  1.1100000e+002  1.4300000e+002  5.6200000e+002  1.0000000e+000
  1.6400000e+002  1.4200000e+002  5.4300000e+002  1.0000000e+000
  1.4100000e+002  1.4200000e+002  5.8500000e+002  0.0000000e+000
  1.0500000e+002  1.2700000e+002  5.6800000e+002  1.0000000e+000
  1.6800000e+002  1.1200000e+002  4.8900000e+002  6.1538500e-001
  1.1300000e+002  1.4800000e+002  5.1800000e+002  1.0000000e+000
  1.5400000e+002  9.6000000e+001  4.3000000e+002  1.0000000e+000
  1.1500000e+002  1.5800000e+002  5.1600000e+002  1.0000000e+000
  1.5000000e+002  9.0000000e+001  4.1500000e+002  1.0000000e+000
  1.2100000e+002  2.1500000e+002  5.1200000e+002  1.0000000e+000
  1.5700000e+002  2.0900000e+002  5.6900000e+002  1.0000000e+000
  1.2000000e+002  2.7600000e+002  5.1500000e+002  4.6298100e-001
  1.5900000e+002  2.3500000e+002  6.4300000e+002  5.7860600e-001
  1.1200000e+002  2.9200000e+002  4.7000000e+002  0.0000000e+000
  1.5900000e+002  2.5500000e+002  6.1000000e+002  0.0000000e+000
  1.4100000e+002  6.0000000e+001  5.3000000e+002  1.0000000e+000
  1.2300000e+002  9.8000000e+001  5.7600000e+002  1.0000000e+000
  1.7000000e+002  9.9000000e+001  5.7200000e+002  1.0000000e+000
  1.4500000e+002  8.8000000e+001  5.4500000e+002  0.0000000e+000
  1.4600000e+002  1.1600000e+002  5.9200000e+002  0.0000000e+000
  1.1600000e+002  1.3900000e+002  5.7100000e+002  1.0000000e+000
  1.6900000e+002  1.4200000e+002  5.6600000e+002  1.0000000e+000
  1.4400000e+002  1.4100000e+002  6.0100000e+002  0.0000000e+000
  1.0800000e+002  1.2500000e+002  5.8100000e+002  1.0000000e+000
  1.7100000e+002  1.1200000e+002  5.1600000e+002  1.0000000e+000
  1.1500000e+002  1.4300000e+002  5.2800000e+002  1.0000000e+000
  1.7300000e+002  1.2000000e+002  4.5100000e+002  5.7692300e-001
  1.1800000e+002  1.5300000e+002  5.2500000e+002  1.0000000e+000
  1.6900000e+002  1.2000000e+002  4.3400000e+002  1.0000000e+000
  1.2500000e+002  2.1100000e+002  5.3100000e+002  1.0000000e+000
  1.6000000e+002  2.0500000e+002  5.8900000e+002  1.0000000e+000
  1.2300000e+002  2.7200000e+002  5.2600000e+002  7.5985600e-001
  1.5800000e+002  2.3500000e+002  6.5400000e+002  9.2860600e-001
  1.1800000e+002  2.8400000e+002  4.8100000e+002  0.0000000e+000
  1.6000000e+002  2.5400000e+002  6.1800000e+002  0.0000000e+000
  1.4600000e+002  6.2000000e+001  5.4500000e+002  1.0000000e+000
  1.2600000e+002  9.7000000e+001  5.8600000e+002  1.0000000e+000
  1.7200000e+002  9.7000000e+001  5.7600000e+002  1.0000000e+000
  1.4600000e+002  8.9000000e+001  5.4900000e+002  9.6150000e-003
  1.5000000e+002  1.1300000e+002  6.0300000e+002  0.0000000e+000
  1.2100000e+002  1.3600000e+002  5.8800000e+002  1.0000000e+000
  1.7200000e+002  1.4100000e+002  5.7700000e+002  1.0000000e+000
  1.4800000e+002  1.4000000e+002  6.1500000e+002  0.0000000e+000
  1.0900000e+002  1.2200000e+002  5.9300000e+002  1.0000000e+000
  1.7600000e+002  1.2000000e+002  5.3300000e+002  1.0000000e+000
  1.1500000e+002  1.4000000e+002  5.3900000e+002  1.0000000e+000
  1.8300000e+002  1.2800000e+002  4.6800000e+002  9.0384600e-001
  1.1800000e+002  1.4900000e+002  5.3600000e+002  1.0000000e+000
  1.7900000e+002  1.3200000e+002  4.5300000e+002  1.0000000e+000
  1.2700000e+002  2.0600000e+002  5.5500000e+002  1.0000000e+000
  1.6200000e+002  2.0100000e+002  6.0400000e+002  1.0000000e+000
  1.2400000e+002  2.6800000e+002  5.3000000e+002  1.0000000e+000
  1.5900000e+002  2.3800000e+002  6.5500000e+002  9.8798100e-001
  1.1800000e+002  2.7600000e+002  4.8600000e+002  0.0000000e+000
  1.5800000e+002  2.5500000e+002  6.1500000e+002  0.0000000e+000
  1.4900000e+002  6.0000000e+001  5.5100000e+002  1.0000000e+000
  1.2800000e+002  9.6000000e+001  5.9500000e+002  1.0000000e+000
  1.7300000e+002  9.6000000e+001  5.8200000e+002  1.0000000e+000
  1.4800000e+002  8.8000000e+001  5.5700000e+002  0.0000000e+000
  1.5200000e+002  1.1100000e+002  6.1300000e+002  0.0000000e+000
  1.2400000e+002  1.3500000e+002  6.0400000e+002  1.0000000e+000
  1.7400000e+002  1.3800000e+002  5.8400000e+002  1.0000000e+000
  1.5200000e+002  1.3600000e+002  6.2600000e+002  0.0000000e+000
  1.1000000e+002  1.1900000e+002  6.0400000e+002  1.0000000e+000
  1.8200000e+002  1.2300000e+002  5.5500000e+002  1.0000000e+000
  1.1600000e+002  1.3700000e+002  5.5200000e+002  1.0000000e+000
  1.9300000e+002  1.3800000e+002  4.9600000e+002  1.0000000e+000
  1.1800000e+002  1.4600000e+002  5.5000000e+002  1.0000000e+000
  1.9000000e+002  1.4700000e+002  4.8400000e+002  1.0000000e+000
  1.2800000e+002  2.0200000e+002  5.7200000e+002  1.0000000e+000
  1.6300000e+002  1.9900000e+002  6.1400000e+002  1.0000000e+000
  1.2600000e+002  2.6300000e+002  5.3800000e+002  1.0000000e+000
  1.6000000e+002  2.3800000e+002  6.5700000e+002  1.0000000e+000
  1.1800000e+002  2.6700000e+002  4.9600000e+002  0.0000000e+000
  1.5700000e+002  2.5300000e+002  6.1500000e+002  0.0000000e+000
  1.5100000e+002  5.9000000e+001  5.6000000e+002  1.0000000e+000
  1.3100000e+002  9.4000000e+001  6.0900000e+002  1.0000000e+000
  1.7600000e+002  9.3000000e+001  5.9300000e+002  1.0000000e+000
  1.5000000e+002  8.6000000e+001  5.6900000e+002  0.0000000e+000
  1.5500000e+002  1.0900000e+002  6.2400000e+002  0.0000000e+000
  1.2700000e+002  1.3000000e+002  6.1400000e+002  1.0000000e+000
  1.7600000e+002  1.3700000e+002  5.9700000e+002  1.0000000e+000
  1.5400000e+002  1.3300000e+002  6.3800000e+002  0.0000000e+000
  1.1300000e+002  1.1700000e+002  6.1700000e+002  1.0000000e+000
  1.8800000e+002  1.2100000e+002  5.8300000e+002  1.0000000e+000
  1.1600000e+002  1.3900000e+002  5.6900000e+002  1.0000000e+000
  1.9600000e+002  1.5100000e+002  5.5000000e+002  1.0000000e+000
  1.1900000e+002  1.4800000e+002  5.6900000e+002  1.0000000e+000
  1.9400000e+002  1.6000000e+002  5.4800000e+002  1.0000000e+000
  1.3300000e+002  1.9700000e+002  5.9200000e+002  1.0000000e+000
  1.6400000e+002  1.9500000e+002  6.2500000e+002  1.0000000e+000
  1.2700000e+002  2.5500000e+002  5.5600000e+002  1.0000000e+000
  1.6000000e+002  2.3800000e+002  6.5400000e+002  1.0000000e+000
  1.2100000e+002  2.5800000e+002  5.1400000e+002  0.0000000e+000
  1.5700000e+002  2.5200000e+002  6.1100000e+002  0.0000000e+000
  1.5400000e+002  5.9000000e+001  5.6700000e+002  1.0000000e+000
  1.3300000e+002  9.4000000e+001  6.1500000e+002  1.0000000e+000
  1.7700000e+002  9.3000000e+001  5.9900000e+002  1.0000000e+000
  1.5200000e+002  8.5000000e+001  5.7600000e+002  0.0000000e+000
  1.5700000e+002  1.0900000e+002  6.2900000e+002  0.0000000e+000
  1.2800000e+002  1.2900000e+002  6.2000000e+002  1.0000000e+000
  1.7700000e+002  1.3600000e+002  6.0200000e+002  1.0000000e+000
  1.5500000e+002  1.3200000e+002  6.4300000e+002  0.0000000e+000
  1.1700000e+002  1.1900000e+002  6.2100000e+002  1.0000000e+000
  1.8700000e+002  1.2100000e+002  6.0200000e+002  1.0000000e+000
  1.1700000e+002  1.4600000e+002  5.8100000e+002  1.0000000e+000
  1.9500000e+002  1.5300000e+002  5.8500000e+002  1.0000000e+000
  1.1900000e+002  1.5400000e+002  5.8400000e+002  7.9567300e-001
  1.9400000e+002  1.6100000e+002  5.7900000e+002  1.0000000e+000
  1.3500000e+002  1.9500000e+002  6.0200000e+002  1.0000000e+000
  1.6400000e+002  1.9400000e+002  6.2700000e+002  1.0000000e+000
  1.2600000e+002  2.5200000e+002  5.6900000e+002  1.0000000e+000
  1.5700000e+002  2.3800000e+002  6.5300000e+002  1.0000000e+000
  1.2000000e+002  2.5500000e+002  5.2700000e+002  0.0000000e+000
  1.5400000e+002  2.5100000e+002  6.0900000e+002  0.0000000e+000
  1.5700000e+002  5.9000000e+001  5.7300000e+002  1.0000000e+000
  1.3500000e+002  9.4000000e+001  6.2200000e+002  1.0000000e+000
  1.7800000e+002  9.3000000e+001  6.0500000e+002  1.0000000e+000
  1.5300000e+002  8.5000000e+001  5.8300000e+002  0.0000000e+000
  1.5800000e+002  1.0900000e+002  6.3400000e+002  0.0000000e+000
  1.2900000e+002  1.2900000e+002  6.2500000e+002  1.0000000e+000
  1.7700000e+002  1.3500000e+002  6.0500000e+002  1.0000000e+000
  1.5600000e+002  1.3200000e+002  6.4700000e+002  0.0000000e+000
  1.2200000e+002  1.2100000e+002  6.2700000e+002  1.0000000e+000
  1.8500000e+002  1.2200000e+002  6.1800000e+002  1.0000000e+000
  1.1900000e+002  1.5000000e+002  5.9200000e+002  1.0000000e+000
  1.9100000e+002  1.5400000e+002  6.0700000e+002  1.0000000e+000
  1.2100000e+002  1.5800000e+002  5.9700000e+002  6.9471200e-001
  1.9100000e+002  1.6200000e+002  6.0400000e+002  1.0000000e+000
  1.3700000e+002  1.9400000e+002  6.1700000e+002  1.0000000e+000
  1.6500000e+002  1.9400000e+002  6.2900000e+002  1.0000000e+000
  1.3000000e+002  2.4700000e+002  6.0100000e+002  1.0000000e+000
  1.5800000e+002  2.3700000e+002  6.5800000e+002  1.0000000e+000
  1.2400000e+002  2.5400000e+002  5.5700000e+002  0.0000000e+000
  1.5500000e+002  2.5000000e+002  6.1500000e+002  0.0000000e+000
  1.5800000e+002  6.0000000e+001  5.7900000e+002  1.0000000e+000
  1.3500000e+002  9.5000000e+001  6.2700000e+002  1.0000000e+000
  1.7800000e+002  9.4000000e+001  6.1500000e+002  1.0000000e+000
  1.5400000e+002  8.5000000e+001  5.9100000e+002  0.0000000e+000
  1.5800000e+002  1.1000000e+002  6.4100000e+002  0.0000000e+000
  1.2900000e+002  1.3100000e+002  6.2700000e+002  5.4807700e-001
  1.7700000e+002  1.3300000e+002  6.0800000e+002  1.0000000e+000
  1.5500000e+002  1.3200000e+002  6.5000000e+002  0.0000000e+000
  1.2300000e+002  1.2200000e+002  6.2900000e+002  1.0000000e+000
  1.8400000e+002  1.2300000e+002  6.3100000e+002  1.0000000e+000
  1.2600000e+002  1.5400000e+002  6.0800000e+002  1.0000000e+000
  1.8200000e+002  1.5500000e+002  6.2800000e+002  1.0000000e+000
  1.2700000e+002  1.6200000e+002  6.1400000e+002  6.1057700e-001
  1.7900000e+002  1.6300000e+002  6.2600000e+002  1.0000000e+000
  1.4000000e+002  1.9200000e+002  6.3800000e+002  1.0000000e+000
  1.6500000e+002  1.9300000e+002  6.3100000e+002  1.0000000e+000
  1.4500000e+002  2.3100000e+002  6.7800000e+002  1.0000000e+000
  1.6100000e+002  2.3700000e+002  6.5500000e+002  1.0000000e+000
  1.3900000e+002  2.4600000e+002  6.3700000e+002  4.3269000e-002
  1.5800000e+002  2.5000000e+002  6.1200000e+002  0.0000000e+000
  1.5800000e+002  6.1000000e+001  5.8400000e+002  1.0000000e+000
  1.3400000e+002  9.5000000e+001  6.3300000e+002  1.0000000e+000
  1.7700000e+002  9.4000000e+001  6.2000000e+002  1.0000000e+000
  1.5300000e+002  8.5000000e+001  5.9600000e+002  0.0000000e+000
  1.5700000e+002  1.1000000e+002  6.4500000e+002  0.0000000e+000
  1.3000000e+002  1.3200000e+002  6.2000000e+002  4.2307700e-001
  1.8000000e+002  1.3300000e+002  6.1000000e+002  5.3846200e-001
  1.5600000e+002  1.3200000e+002  6.4700000e+002  0.0000000e+000
  1.2500000e+002  1.2400000e+002  6.3100000e+002  1.0000000e+000
  1.8200000e+002  1.2200000e+002  6.4100000e+002  1.0000000e+000
  1.2900000e+002  1.5600000e+002  6.1900000e+002  1.0000000e+000
  1.7800000e+002  1.5400000e+002  6.3800000e+002  1.0000000e+000
  1.2700000e+002  1.6400000e+002  6.1200000e+002  2.0673100e-001
  1.7600000e+002  1.6200000e+002  6.3100000e+002  7.4519200e-001
  1.4200000e+002  1.9100000e+002  6.4400000e+002  1.0000000e+000
  1.6500000e+002  1.9300000e+002  6.3400000e+002  1.0000000e+000
  1.4500000e+002  2.2900000e+002  6.8500000e+002  1.0000000e+000
  1.6200000e+002  2.3700000e+002  6.5600000e+002  1.0000000e+000
  1.4200000e+002  2.4400000e+002  6.4300000e+002  1.4903800e-001
  1.6100000e+002  2.5000000e+002  6.1200000e+002  0.0000000e+000
  1.5600000e+002  6.2000000e+001  5.8900000e+002  1.0000000e+000
  1.3400000e+002  9.5000000e+001  6.3500000e+002  1.0000000e+000
  1.7700000e+002  9.4000000e+001  6.2400000e+002  1.0000000e+000
  1.5300000e+002  8.5000000e+001  5.9900000e+002  0.0000000e+000
  1.5700000e+002  1.1000000e+002  6.4900000e+002  0.0000000e+000
  1.3000000e+002  1.3200000e+002  6.2300000e+002  3.4615400e-001
  1.7900000e+002  1.3200000e+002  6.1700000e+002  5.1923100e-001
  1.5500000e+002  1.3200000e+002  6.5200000e+002  0.0000000e+000
  1.2500000e+002  1.2300000e+002  6.3500000e+002  1.0000000e+000
  1.8400000e+002  1.2200000e+002  6.4100000e+002  1.0000000e+000
  1.3000000e+002  1.5500000e+002  6.2100000e+002  1.0000000e+000
  1.7900000e+002  1.5400000e+002  6.3500000e+002  1.0000000e+000
  1.2800000e+002  1.6400000e+002  6.1800000e+002  1.3942300e-001
  1.7800000e+002  1.6200000e+002  6.3300000e+002  7.1153800e-001
  1.4300000e+002  1.9000000e+002  6.4700000e+002  1.0000000e+000
  1.6500000e+002  1.9200000e+002  6.3600000e+002  1.0000000e+000
  1.4500000e+002  2.3300000e+002  6.7400000e+002  1.0000000e+000
  1.6200000e+002  2.3700000e+002  6.5600000e+002  1.0000000e+000
  1.4300000e+002  2.4500000e+002  6.3100000e+002  2.4038000e-002
  1.6200000e+002  2.4900000e+002  6.1200000e+002  0.0000000e+000
  1.5500000e+002  6.1000000e+001  5.9500000e+002  1.0000000e+000
  1.3400000e+002  9.6000000e+001  6.4100000e+002  1.0000000e+000
  1.7600000e+002  9.4000000e+001  6.2800000e+002  1.0000000e+000
  1.5300000e+002  8.5000000e+001  6.0500000e+002  0.0000000e+000
  1.5700000e+002  1.1100000e+002  6.5300000e+002  0.0000000e+000
  1.3000000e+002  1.3100000e+002  6.3200000e+002  1.0000000e+000
  1.7800000e+002  1.3200000e+002  6.1900000e+002  6.7307700e-001
  1.5600000e+002  1.3200000e+002  6.5800000e+002  0.0000000e+000
  1.2400000e+002  1.2400000e+002  6.3600000e+002  1.0000000e+000
  1.8500000e+002  1.2300000e+002  6.3400000e+002  1.0000000e+000
  1.2900000e+002  1.5500000e+002  6.1400000e+002  1.0000000e+000
  1.7800000e+002  1.5500000e+002  6.2900000e+002  1.0000000e+000
  1.3100000e+002  1.6200000e+002  6.2200000e+002  5.7692300e-001
  1.7800000e+002  1.6400000e+002  6.2400000e+002  8.7980800e-001
  1.4200000e+002  1.9100000e+002  6.4600000e+002  1.0000000e+000
  1.6500000e+002  1.9200000e+002  6.4000000e+002  1.0000000e+000
  1.4500000e+002  2.3600000e+002  6.6500000e+002  1.0000000e+000
  1.6200000e+002  2.3700000e+002  6.5800000e+002  1.0000000e+000
  1.4100000e+002  2.4700000e+002  6.2100000e+002  0.0000000e+000
  1.6000000e+002  2.4900000e+002  6.1400000e+002  0.0000000e+000
  1.5400000e+002  6.3000000e+001  5.9800000e+002  1.0000000e+000
  1.3400000e+002  9.6000000e+001  6.4400000e+002  1.0000000e+000
  1.7600000e+002  9.3000000e+001  6.3000000e+002  1.0000000e+000
  1.5200000e+002  8.5000000e+001  6.0800000e+002  0.0000000e+000
  1.5700000e+002  1.1000000e+002  6.5500000e+002  0.0000000e+000
  1.3000000e+002  1.3200000e+002  6.3700000e+002  1.0000000e+000
  1.7700000e+002  1.3200000e+002  6.2000000e+002  1.0000000e+000
  1.5600000e+002  1.3200000e+002  6.6000000e+002  0.0000000e+000
  1.2400000e+002  1.2400000e+002  6.3900000e+002  1.0000000e+000
  1.8300000e+002  1.2300000e+002  6.3000000e+002  1.0000000e+000
  1.2800000e+002  1.5500000e+002  6.1300000e+002  1.0000000e+000
  1.8000000e+002  1.5600000e+002  6.2600000e+002  1.0000000e+000
  1.3000000e+002  1.6100000e+002  6.2300000e+002  5.6009600e-001
  1.7800000e+002  1.6400000e+002  6.2600000e+002  1.0000000e+000
  1.4200000e+002  1.9100000e+002  6.4800000e+002  1.0000000e+000
  1.6500000e+002  1.9100000e+002  6.4200000e+002  1.0000000e+000
  1.4400000e+002  2.3600000e+002  6.6500000e+002  1.0000000e+000
  1.6200000e+002  2.3700000e+002  6.5900000e+002  1.0000000e+000
  1.4000000e+002  2.4800000e+002  6.2100000e+002  0.0000000e+000
  1.5900000e+002  2.4800000e+002  6.1400000e+002  0.0000000e+000
  1.5300000e+002  6.3000000e+001  6.0200000e+002  1.0000000e+000
  1.3400000e+002  9.6000000e+001  6.4800000e+002  1.0000000e+000
  1.7500000e+002  9.3000000e+001  6.3100000e+002  1.0000000e+000
  1.5100000e+002  8.5000000e+001  6.1100000e+002  0.0000000e+000
  1.5700000e+002  1.1000000e+002  6.5700000e+002  0.0000000e+000
  1.3000000e+002  1.3300000e+002  6.4300000e+002  1.0000000e+000
  1.7700000e+002  1.3300000e+002  6.2000000e+002  1.0000000e+000
  1.5600000e+002  1.3400000e+002  6.6300000e+002  0.0000000e+000
  1.2500000e+002  1.2500000e+002  6.4000000e+002  1.0000000e+000
  1.8300000e+002  1.2300000e+002  6.3000000e+002  1.0000000e+000
  1.2700000e+002  1.5600000e+002  6.1200000e+002  1.0000000e+000
  1.8100000e+002  1.5600000e+002  6.1700000e+002  1.0000000e+000
  1.2600000e+002  1.6400000e+002  6.0200000e+002  2.7403800e-001
  1.7700000e+002  1.6200000e+002  6.2500000e+002  1.0000000e+000
  1.4200000e+002  1.9200000e+002  6.4800000e+002  1.0000000e+000
  1.6500000e+002  1.9200000e+002  6.4200000e+002  1.0000000e+000
  1.4500000e+002  2.3700000e+002  6.6700000e+002  1.0000000e+000
  1.6200000e+002  2.3800000e+002  6.5900000e+002  1.0000000e+000
  1.3900000e+002  2.4900000e+002  6.2400000e+002  0.0000000e+000
  1.5800000e+002  2.4900000e+002  6.1500000e+002  0.0000000e+000
  1.5300000e+002  6.3000000e+001  6.0500000e+002  1.0000000e+000
  1.3400000e+002  9.6000000e+001  6.5100000e+002  1.0000000e+000
  1.7500000e+002  9.4000000e+001  6.3300000e+002  1.0000000e+000
  1.5100000e+002  8.5000000e+001  6.1300000e+002  0.0000000e+000
  1.5600000e+002  1.1100000e+002  6.5900000e+002  0.0000000e+000
  1.3000000e+002  1.3100000e+002  6.4200000e+002  9.9038500e-001
  1.7700000e+002  1.3400000e+002  6.2000000e+002  7.0192300e-001
  1.5600000e+002  1.3400000e+002  6.6300000e+002  0.0000000e+000
  1.2500000e+002  1.2500000e+002  6.4300000e+002  1.0000000e+000
  1.8400000e+002  1.2300000e+002  6.3100000e+002  1.0000000e+000
  1.2800000e+002  1.5600000e+002  6.1300000e+002  1.0000000e+000
  1.7900000e+002  1.5600000e+002  6.1200000e+002  1.0000000e+000
  1.2700000e+002  1.6400000e+002  6.0500000e+002  1.8990400e-001
  1.7700000e+002  1.6400000e+002  6.0900000e+002  8.4615400e-001
  1.4200000e+002  1.9100000e+002  6.4900000e+002  1.0000000e+000
  1.6500000e+002  1.9300000e+002  6.4200000e+002  1.0000000e+000
  1.4400000e+002  2.3700000e+002  6.6500000e+002  1.0000000e+000
  1.6100000e+002  2.3800000e+002  6.5900000e+002  1.0000000e+000
  1.3800000e+002  2.4800000e+002  6.2200000e+002  0.0000000e+000
  1.5700000e+002  2.5000000e+002  6.1500000e+002  0.0000000e+000
  1.5400000e+002  6.3000000e+001  6.0700000e+002  1.0000000e+000
  1.3400000e+002  9.6000000e+001  6.5600000e+002  1.0000000e+000
  1.7500000e+002  9.4000000e+001  6.3300000e+002  1.0000000e+000
  1.5000000e+002  8.5000000e+001  6.1700000e+002  0.0000000e+000
  1.5600000e+002  1.1100000e+002  6.6000000e+002  0.0000000e+000
  1.3000000e+002  1.3000000e+002  6.4600000e+002  7.6923100e-001
  1.7700000e+002  1.3300000e+002  6.1900000e+002  7.8846200e-001
  1.5700000e+002  1.3300000e+002  6.6400000e+002  0.0000000e+000
  1.2500000e+002  1.2400000e+002  6.4200000e+002  1.0000000e+000
  1.8500000e+002  1.2300000e+002  6.3000000e+002  1.0000000e+000
  1.2900000e+002  1.5600000e+002  6.1700000e+002  1.0000000e+000
  1.7600000e+002  1.5500000e+002  6.1300000e+002  1.0000000e+000
  1.2900000e+002  1.6400000e+002  6.0800000e+002  2.7403800e-001
  1.7400000e+002  1.6300000e+002  6.0600000e+002  7.9567300e-001
  1.4200000e+002  1.9100000e+002  6.4800000e+002  1.0000000e+000
  1.6500000e+002  1.9200000e+002  6.4200000e+002  1.0000000e+000
  1.4400000e+002  2.3600000e+002  6.6600000e+002  1.0000000e+000
  1.6200000e+002  2.3700000e+002  6.5900000e+002  1.0000000e+000
  1.3700000e+002  2.4700000e+002  6.2300000e+002  0.0000000e+000
  1.5700000e+002  2.4800000e+002  6.1500000e+002  0.0000000e+000
  1.5400000e+002  6.4000000e+001  6.0900000e+002  1.0000000e+000
  1.3400000e+002  9.6000000e+001  6.5700000e+002  1.0000000e+000
  1.7500000e+002  9.4000000e+001  6.3300000e+002  1.0000000e+000
  1.5000000e+002  8.5000000e+001  6.1700000e+002  0.0000000e+000
  1.5600000e+002  1.1100000e+002  6.6100000e+002  0.0000000e+000
  1.2900000e+002  1.3000000e+002  6.4700000e+002  2.5961500e-001
  1.7500000e+002  1.3200000e+002  6.1900000e+002  7.4038500e-001
  1.5600000e+002  1.3200000e+002  6.6400000e+002  0.0000000e+000
  1.2400000e+002  1.2300000e+002  6.4200000e+002  1.0000000e+000
  1.8300000e+002  1.2400000e+002  6.3100000e+002  1.0000000e+000
  1.3000000e+002  1.5500000e+002  6.1800000e+002  1.0000000e+000
  1.7400000e+002  1.5600000e+002  6.1400000e+002  1.0000000e+000
  1.3100000e+002  1.6300000e+002  6.1800000e+002  3.0769200e-001
  1.7100000e+002  1.6400000e+002  6.1000000e+002  7.1153800e-001
  1.4200000e+002  1.9000000e+002  6.4800000e+002  1.0000000e+000
  1.6500000e+002  1.9100000e+002  6.4100000e+002  1.0000000e+000
  1.4400000e+002  2.3500000e+002  6.6600000e+002  1.0000000e+000
  1.6100000e+002  2.3700000e+002  6.5800000e+002  1.0000000e+000
  1.3700000e+002  2.4700000e+002  6.2300000e+002  0.0000000e+000
  1.5700000e+002  2.4800000e+002  6.1500000e+002  0.0000000e+000
  1.5300000e+002  6.4000000e+001  6.0900000e+002  1.0000000e+000
