  1.0400000e+002  9.5000000e+001  6.2100000e+002  1.0000000e+000
  1.4400000e+002  9.1000000e+001  6.0300000e+002  1.0000000e+000
  1.1900000e+002  8.7000000e+001  5.8900000e+002  0.0000000e+000
  1.2800000e+002  1.0800000e+002  6.3400000e+002  0.0000000e+000
  1.0200000e+002  1.3400000e+002  6.1400000e+002  9.0384600e-001
  1.4800000e+002  1.3300000e+002  6.0000000e+002  9.5192300e-001
  1.2900000e+002  1.3100000e+002  6.3600000e+002  0.0000000e+000
  9.9000000e+001  1.2500000e+002  6.2800000e+002  1.0000000e+000
  1.5200000e+002  1.2200000e+002  5.9400000e+002  1.0000000e+000
  9.0000000e+001  1.5600000e+002  6.0000000e+002  1.0000000e+000
  1.5100000e+002  1.5500000e+002  5.6500000e+002  1.0000000e+000
  9.4000000e+001  1.6200000e+002  6.0800000e+002  5.4326900e-001
  1.5100000e+002  1.6300000e+002  5.6100000e+002  1.0000000e+000
  1.1400000e+002  1.9100000e+002  6.2200000e+002  1.0000000e+000
  1.3900000e+002  1.9100000e+002  6.2000000e+002  1.0000000e+000
  1.1500000e+002  2.3200000e+002  6.4200000e+002  1.0000000e+000
  1.3900000e+002  2.3000000e+002  6.4600000e+002  1.0000000e+000
  1.1000000e+002  2.4400000e+002  6.0200000e+002  0.0000000e+000
  1.3500000e+002  2.4300000e+002  6.0600000e+002  1.4903800e-001
  1.2000000e+002  5.6000000e+001  5.8500000e+002  1.0000000e+000
  1.0300000e+002  9.4000000e+001  6.2000000e+002  1.0000000e+000
  1.4400000e+002  9.2000000e+001  6.0500000e+002  1.0000000e+000
  1.2000000e+002  8.6000000e+001  5.9000000e+002  0.0000000e+000
  1.2700000e+002  1.0800000e+002  6.3500000e+002  0.0000000e+000
  1.0300000e+002  1.3400000e+002  6.1500000e+002  8.6538500e-001
  1.4900000e+002  1.3300000e+002  5.9800000e+002  9.8076900e-001
  1.3000000e+002  1.3100000e+002  6.3600000e+002  0.0000000e+000
  9.8000000e+001  1.2500000e+002  6.2500000e+002  1.0000000e+000
  1.5300000e+002  1.2100000e+002  5.9300000e+002  1.0000000e+000
  9.0000000e+001  1.5500000e+002  5.9500000e+002  1.0000000e+000
  1.5100000e+002  1.5400000e+002  5.6100000e+002  1.0000000e+000
  8.8000000e+001  1.6300000e+002  5.9000000e+002  2.7403800e-001
  1.5300000e+002  1.6200000e+002  5.6100000e+002  6.1057700e-001
  1.1400000e+002  1.9100000e+002  6.2100000e+002  1.0000000e+000
  1.3900000e+002  1.9100000e+002  6.2000000e+002  1.0000000e+000
  1.1600000e+002  2.3200000e+002  6.4200000e+002  1.0000000e+000
  1.3900000e+002  2.3000000e+002  6.4500000e+002  1.0000000e+000
  1.0900000e+002  2.4300000e+002  6.0200000e+002  0.0000000e+000
  1.3400000e+002  2.4300000e+002  6.0500000e+002  2.0673100e-001
  1.2000000e+002  5.6000000e+001  5.8300000e+002  1.0000000e+000
  1.0300000e+002  9.4000000e+001  6.1900000e+002  1.0000000e+000
  1.4400000e+002  9.2000000e+001  6.0400000e+002  1.0000000e+000
  1.2000000e+002  8.7000000e+001  5.8800000e+002  0.0000000e+000
  1.2700000e+002  1.0800000e+002  6.3500000e+002  0.0000000e+000
  1.0400000e+002  1.3400000e+002  6.1600000e+002  1.0000000e+000
  1.4900000e+002  1.3300000e+002  6.0000000e+002  9.6153800e-001
  1.3000000e+002  1.3100000e+002  6.3800000e+002  0.0000000e+000
  9.8000000e+001  1.2500000e+002  6.2400000e+002  1.0000000e+000
  1.5100000e+002  1.2200000e+002  5.9000000e+002  1.0000000e+000
  8.9000000e+001  1.5500000e+002  5.8900000e+002  1.0000000e+000
  1.5000000e+002  1.5400000e+002  5.5600000e+002  1.0000000e+000
  9.2000000e+001  1.6300000e+002  5.9100000e+002  4.0865400e-001
  1.5100000e+002  1.6300000e+002  5.4900000e+002  8.2932700e-001
  1.1500000e+002  1.9100000e+002  6.2000000e+002  1.0000000e+000
  1.3900000e+002  1.9100000e+002  6.1900000e+002  1.0000000e+000
  1.1500000e+002  2.3200000e+002  6.4100000e+002  1.0000000e+000
  1.3900000e+002  2.3000000e+002  6.4700000e+002  1.0000000e+000
  1.0900000e+002  2.4400000e+002  6.0100000e+002  0.0000000e+000
  1.3500000e+002  2.4200000e+002  6.0700000e+002  2.5480800e-001
  1.1900000e+002  5.6000000e+001  5.8200000e+002  1.0000000e+000
  1.0300000e+002  9.5000000e+001  6.1600000e+002  1.0000000e+000
  1.4400000e+002  9.1000000e+001  6.0300000e+002  1.0000000e+000
  1.1900000e+002  8.8000000e+001  5.8600000e+002  0.0000000e+000
  1.2700000e+002  1.0800000e+002  6.3500000e+002  0.0000000e+000
  1.0400000e+002  1.3400000e+002  6.1600000e+002  1.0000000e+000
  1.5000000e+002  1.3300000e+002  6.0200000e+002  9.7115400e-001
  1.3000000e+002  1.3100000e+002  6.3900000e+002  0.0000000e+000
  9.7000000e+001  1.2500000e+002  6.2400000e+002  1.0000000e+000
  1.5100000e+002  1.2200000e+002  5.9000000e+002  1.0000000e+000
  9.0000000e+001  1.5600000e+002  5.9000000e+002  1.0000000e+000
  1.4900000e+002  1.5400000e+002  5.5300000e+002  1.0000000e+000
  8.8000000e+001  1.6200000e+002  5.7900000e+002  2.9086500e-001
  1.5100000e+002  1.6200000e+002  5.4700000e+002  8.9663500e-001
  1.1400000e+002  1.9100000e+002  6.1900000e+002  1.0000000e+000
  1.3900000e+002  1.9100000e+002  6.1800000e+002  1.0000000e+000
  1.1600000e+002  2.3200000e+002  6.4200000e+002  1.0000000e+000
  1.3900000e+002  2.3000000e+002  6.4700000e+002  1.0000000e+000
  1.1000000e+002  2.4400000e+002  6.0200000e+002  0.0000000e+000
  1.3500000e+002  2.4300000e+002  6.0700000e+002  2.0192300e-001
  1.1900000e+002  5.6000000e+001  5.8100000e+002  1.0000000e+000
  1.0200000e+002  9.5000000e+001  6.1500000e+002  1.0000000e+000
  1.4300000e+002  9.2000000e+001  5.9900000e+002  1.0000000e+000
  1.1800000e+002  8.9000000e+001  5.8300000e+002  0.0000000e+000
  1.2700000e+002  1.0700000e+002  6.3400000e+002  0.0000000e+000
  1.0400000e+002  1.3400000e+002  6.2100000e+002  1.0000000e+000
  1.4900000e+002  1.3400000e+002  6.0400000e+002  7.9807700e-001
  1.3000000e+002  1.3200000e+002  6.4200000e+002  0.0000000e+000
  9.7000000e+001  1.2500000e+002  6.2600000e+002  1.0000000e+000
  1.4900000e+002  1.2300000e+002  5.8500000e+002  1.0000000e+000
  9.1000000e+001  1.5700000e+002  6.0000000e+002  1.0000000e+000
  1.4600000e+002  1.5600000e+002  5.5000000e+002  1.0000000e+000
  8.9000000e+001  1.6500000e+002  5.9100000e+002  2.0673100e-001
  1.4600000e+002  1.6400000e+002  5.4200000e+002  1.0000000e+000
  1.1300000e+002  1.9200000e+002  6.1600000e+002  1.0000000e+000
  1.4100000e+002  1.9200000e+002  6.1300000e+002  1.0000000e+000
  1.1600000e+002  2.3200000e+002  6.4200000e+002  1.0000000e+000
  1.3800000e+002  2.3000000e+002  6.4500000e+002  1.0000000e+000
  1.0900000e+002  2.4400000e+002  6.0300000e+002  0.0000000e+000
  1.3600000e+002  2.4400000e+002  6.0600000e+002  2.7403800e-001
  1.1800000e+002  5.7000000e+001  5.7100000e+002  1.0000000e+000
  1.0100000e+002  9.8000000e+001  6.1500000e+002  1.0000000e+000
  1.4100000e+002  9.5000000e+001  5.9000000e+002  1.0000000e+000
  1.1500000e+002  9.3000000e+001  5.7800000e+002  0.0000000e+000
  1.2700000e+002  1.0900000e+002  6.3100000e+002  0.0000000e+000
  1.0400000e+002  1.3500000e+002  6.3200000e+002  8.3653800e-001
  1.4800000e+002  1.3700000e+002  6.0600000e+002  9.1346200e-001
  1.3100000e+002  1.3300000e+002  6.4700000e+002  0.0000000e+000
  9.8000000e+001  1.2900000e+002  6.2800000e+002  1.0000000e+000
  1.4700000e+002  1.2700000e+002  5.7700000e+002  1.0000000e+000
  9.2000000e+001  1.6200000e+002  6.1000000e+002  1.0000000e+000
  1.4100000e+002  1.6100000e+002  5.4700000e+002  1.0000000e+000
  9.7000000e+001  1.6700000e+002  6.1600000e+002  4.2548100e-001
  1.4100000e+002  1.7000000e+002  5.4000000e+002  1.0000000e+000
  1.1100000e+002  1.9400000e+002  6.0900000e+002  1.0000000e+000
  1.4300000e+002  1.9500000e+002  6.0600000e+002  1.0000000e+000
  1.1600000e+002  2.3200000e+002  6.4200000e+002  1.0000000e+000
  1.3900000e+002  2.3000000e+002  6.4600000e+002  1.0000000e+000
  1.0800000e+002  2.4500000e+002  6.0400000e+002  0.0000000e+000
  1.3800000e+002  2.4500000e+002  6.0800000e+002  2.6923100e-001
  1.1600000e+002  6.2000000e+001  5.5700000e+002  1.0000000e+000
  1.0100000e+002  1.0300000e+002  6.1200000e+002  1.0000000e+000
  1.3900000e+002  1.0000000e+002  5.8200000e+002  1.0000000e+000
  1.1400000e+002  1.0000000e+002  5.7300000e+002  0.0000000e+000
  1.2700000e+002  1.1200000e+002  6.2900000e+002  0.0000000e+000
  1.0400000e+002  1.4000000e+002  6.3700000e+002  2.6923100e-001
  1.4700000e+002  1.3800000e+002  6.0900000e+002  8.6538500e-001
  1.3000000e+002  1.3500000e+002  6.5200000e+002  0.0000000e+000
  9.8000000e+001  1.3300000e+002  6.3000000e+002  1.0000000e+000
  1.4400000e+002  1.3400000e+002  5.7200000e+002  1.0000000e+000
  9.3000000e+001  1.6700000e+002  6.2200000e+002  1.0000000e+000
  1.3700000e+002  1.7000000e+002  5.4600000e+002  1.0000000e+000
  9.5000000e+001  1.7500000e+002  6.2000000e+002  1.7307700e-001
  1.3700000e+002  1.7800000e+002  5.3900000e+002  1.0000000e+000
  1.0800000e+002  1.9700000e+002  6.0300000e+002  1.0000000e+000
  1.4400000e+002  1.9700000e+002  6.0000000e+002  1.0000000e+000
  1.1700000e+002  2.3200000e+002  6.4200000e+002  1.0000000e+000
  1.3800000e+002  2.3000000e+002  6.4600000e+002  1.0000000e+000
  1.0800000e+002  2.4700000e+002  6.0600000e+002  0.0000000e+000
  1.4000000e+002  2.4600000e+002  6.1000000e+002  1.7307700e-001
  1.1600000e+002  6.9000000e+001  5.4300000e+002  1.0000000e+000
  1.0100000e+002  1.0800000e+002  6.1000000e+002  1.0000000e+000
  1.3800000e+002  1.0800000e+002  5.7400000e+002  1.0000000e+000
  1.1200000e+002  1.0900000e+002  5.6900000e+002  0.0000000e+000
  1.2800000e+002  1.1600000e+002  6.2500000e+002  0.0000000e+000
  1.0700000e+002  1.4400000e+002  6.4700000e+002  6.8269200e-001
  1.4600000e+002  1.4500000e+002  6.0600000e+002  7.1153800e-001
  1.3200000e+002  1.4000000e+002  6.5300000e+002  0.0000000e+000
  9.8000000e+001  1.3800000e+002  6.3600000e+002  1.0000000e+000
  1.4100000e+002  1.4300000e+002  5.6500000e+002  1.0000000e+000
  9.5000000e+001  1.7200000e+002  6.3200000e+002  1.0000000e+000
  1.3300000e+002  1.8100000e+002  5.4600000e+002  1.0000000e+000
  9.4000000e+001  1.7900000e+002  6.2700000e+002  2.2355800e-001
  1.3300000e+002  1.9000000e+002  5.3900000e+002  1.0000000e+000
  1.0800000e+002  2.0000000e+002  5.9800000e+002  1.0000000e+000
  1.4300000e+002  2.0300000e+002  5.9400000e+002  1.0000000e+000
  1.1700000e+002  2.3300000e+002  6.4400000e+002  1.0000000e+000
  1.3800000e+002  2.3200000e+002  6.4900000e+002  9.3485600e-001
  1.0900000e+002  2.4900000e+002  6.0900000e+002  0.0000000e+000
  1.4100000e+002  2.4900000e+002  6.1600000e+002  2.8846000e-002
  1.1500000e+002  8.0000000e+001  5.3100000e+002  1.0000000e+000
  1.0000000e+002  1.2000000e+002  6.1000000e+002  1.0000000e+000
  1.3500000e+002  1.2400000e+002  5.6700000e+002  1.0000000e+000
  1.0900000e+002  1.2400000e+002  5.6600000e+002  0.0000000e+000
  1.2700000e+002  1.2700000e+002  6.2200000e+002  0.0000000e+000
  1.1000000e+002  1.5600000e+002  6.5700000e+002  1.0000000e+000
  1.4400000e+002  1.5600000e+002  5.9700000e+002  8.2692300e-001
  1.3500000e+002  1.5200000e+002  6.5100000e+002  0.0000000e+000
  9.9000000e+001  1.4800000e+002  6.4100000e+002  1.0000000e+000
  1.3600000e+002  1.6000000e+002  5.6000000e+002  1.0000000e+000
  9.5000000e+001  1.8100000e+002  6.4500000e+002  1.0000000e+000
  1.2800000e+002  1.9900000e+002  5.4700000e+002  1.0000000e+000
  9.4000000e+001  1.8800000e+002  6.4700000e+002  0.0000000e+000
  1.2800000e+002  2.0900000e+002  5.4300000e+002  1.0000000e+000
  1.0400000e+002  2.0900000e+002  5.8100000e+002  1.0000000e+000
  1.3800000e+002  2.1600000e+002  5.7600000e+002  1.0000000e+000
  1.1800000e+002  2.3000000e+002  6.4900000e+002  1.0000000e+000
  1.4000000e+002  2.2700000e+002  6.6000000e+002  6.3173100e-001
  1.1100000e+002  2.4800000e+002  6.2200000e+002  0.0000000e+000
  1.4100000e+002  2.4700000e+002  6.3800000e+002  3.1730800e-001
  1.1400000e+002  9.7000000e+001  5.2400000e+002  1.0000000e+000
  1.0100000e+002  1.2700000e+002  6.1000000e+002  1.0000000e+000
  1.3500000e+002  1.3200000e+002  5.6500000e+002  1.0000000e+000
  1.0900000e+002  1.3300000e+002  5.6600000e+002  0.0000000e+000
  1.2800000e+002  1.3400000e+002  6.2100000e+002  0.0000000e+000
  1.1100000e+002  1.6400000e+002  6.6100000e+002  9.3269200e-001
  1.4000000e+002  1.6200000e+002  5.9300000e+002  3.6538500e-001
  1.3500000e+002  1.6000000e+002  6.4900000e+002  3.0288500e-001
  9.8000000e+001  1.5400000e+002  6.4500000e+002  1.0000000e+000
  1.3400000e+002  1.6900000e+002  5.6000000e+002  1.0000000e+000
  9.5000000e+001  1.8600000e+002  6.5700000e+002  1.0000000e+000
  1.2700000e+002  2.0800000e+002  5.5200000e+002  1.0000000e+000
  9.4000000e+001  1.9300000e+002  6.5900000e+002  0.0000000e+000
  1.2700000e+002  2.1700000e+002  5.5000000e+002  1.0000000e+000
  1.0300000e+002  2.1500000e+002  5.7100000e+002  1.0000000e+000
  1.4200000e+002  2.2300000e+002  5.8100000e+002  1.0000000e+000
  1.1800000e+002  2.2700000e+002  6.5300000e+002  8.9423100e-001
  1.3900000e+002  2.2800000e+002  6.6900000e+002  8.9735600e-001
  1.1300000e+002  2.4600000e+002  6.3100000e+002  0.0000000e+000
  1.4200000e+002  2.4700000e+002  6.5200000e+002  0.0000000e+000
  1.1500000e+002  1.0900000e+002  5.1900000e+002  1.0000000e+000
  1.0100000e+002  1.3100000e+002  6.1000000e+002  1.0000000e+000
  1.3500000e+002  1.3800000e+002  5.6200000e+002  1.0000000e+000
  1.0900000e+002  1.3800000e+002  5.6500000e+002  0.0000000e+000
  1.2900000e+002  1.3900000e+002  6.1900000e+002  0.0000000e+000
  1.1200000e+002  1.6900000e+002  6.5700000e+002  1.0000000e+000
  1.4000000e+002  1.6700000e+002  5.8500000e+002  2.7884600e-001
  1.3600000e+002  1.6600000e+002  6.4200000e+002  4.7596200e-001
  9.8000000e+001  1.5800000e+002  6.4500000e+002  1.0000000e+000
  1.3300000e+002  1.7500000e+002  5.6000000e+002  1.0000000e+000
  9.3000000e+001  1.9000000e+002  6.5600000e+002  1.0000000e+000
  1.2500000e+002  2.1400000e+002  5.5700000e+002  1.0000000e+000
  9.2000000e+001  1.9700000e+002  6.5800000e+002  0.0000000e+000
  1.2600000e+002  2.2300000e+002  5.5300000e+002  1.0000000e+000
  1.0300000e+002  2.2100000e+002  5.6200000e+002  1.0000000e+000
  1.4400000e+002  2.2900000e+002  5.8200000e+002  1.0000000e+000
  1.1800000e+002  2.2800000e+002  6.4700000e+002  4.9735600e-001
  1.3700000e+002  2.2800000e+002  6.7300000e+002  4.5673100e-001
  1.1300000e+002  2.4800000e+002  6.2900000e+002  0.0000000e+000
  1.4100000e+002  2.4600000e+002  6.6200000e+002  0.0000000e+000
  1.1700000e+002  1.1600000e+002  5.1700000e+002  1.0000000e+000
  1.0100000e+002  1.3500000e+002  6.0900000e+002  1.0000000e+000
  1.3500000e+002  1.4300000e+002  5.6400000e+002  1.0000000e+000
  1.0800000e+002  1.4300000e+002  5.6500000e+002  0.0000000e+000
  1.2800000e+002  1.4300000e+002  6.2000000e+002  0.0000000e+000
  1.1100000e+002  1.7400000e+002  6.5100000e+002  1.0000000e+000
  1.4000000e+002  1.7400000e+002  5.8100000e+002  1.0000000e+000
  1.3500000e+002  1.7300000e+002  6.3700000e+002  4.4711500e-001
  9.6000000e+001  1.6300000e+002  6.4000000e+002  1.0000000e+000
  1.3100000e+002  1.8100000e+002  5.6000000e+002  1.0000000e+000
  8.8000000e+001  1.9700000e+002  6.3600000e+002  1.0000000e+000
  1.2200000e+002  2.1800000e+002  5.6400000e+002  1.0000000e+000
  8.6000000e+001  2.0500000e+002  6.3500000e+002  0.0000000e+000
  1.1800000e+002  2.2000000e+002  5.7600000e+002  1.0000000e+000
  1.0500000e+002  2.3000000e+002  5.5700000e+002  1.0000000e+000
  1.4300000e+002  2.3400000e+002  5.9500000e+002  1.0000000e+000
  1.1100000e+002  2.7000000e+002  5.8700000e+002  0.0000000e+000
  1.3600000e+002  2.2700000e+002  6.8900000e+002  9.7356000e-002
  1.0300000e+002  2.8700000e+002  5.4800000e+002  0.0000000e+000
  1.4100000e+002  2.4500000e+002  6.8300000e+002  0.0000000e+000
  1.1700000e+002  1.1800000e+002  5.2000000e+002  1.0000000e+000
  9.8000000e+001  1.3500000e+002  6.0500000e+002  1.0000000e+000
  1.3600000e+002  1.3900000e+002  5.6800000e+002  1.0000000e+000
  1.0900000e+002  1.4000000e+002  5.6400000e+002  0.0000000e+000
  1.2600000e+002  1.4100000e+002  6.2100000e+002  0.0000000e+000
  1.0400000e+002  1.7600000e+002  6.3100000e+002  1.0000000e+000
  1.4100000e+002  1.7600000e+002  5.7800000e+002  1.0000000e+000
  1.3100000e+002  1.7400000e+002  6.3000000e+002  2.8846000e-002
  9.5000000e+001  1.6400000e+002  6.2900000e+002  1.0000000e+000
  1.3500000e+002  1.7600000e+002  5.6200000e+002  1.0000000e+000
  8.7000000e+001  2.0000000e+002  6.1000000e+002  1.0000000e+000
  1.2300000e+002  2.1500000e+002  5.4900000e+002  1.0000000e+000
  8.5000000e+001  2.0800000e+002  6.0600000e+002  0.0000000e+000
  1.1800000e+002  2.2200000e+002  5.4900000e+002  5.2644200e-001
  1.1600000e+002  2.3200000e+002  6.2400000e+002  1.0000000e+000
  1.4200000e+002  2.3300000e+002  6.0300000e+002  1.0000000e+000
  1.1100000e+002  2.8300000e+002  6.0000000e+002  0.0000000e+000
  1.3600000e+002  2.2600000e+002  6.9800000e+002  0.0000000e+000
  9.7000000e+001  2.8700000e+002  5.6600000e+002  0.0000000e+000
  1.4100000e+002  2.4400000e+002  6.9100000e+002  0.0000000e+000
  1.1700000e+002  1.1300000e+002  5.2400000e+002  1.0000000e+000
  9.8000000e+001  1.2800000e+002  6.0000000e+002  1.0000000e+000
  1.3800000e+002  1.3000000e+002  5.7300000e+002  1.0000000e+000
  1.1200000e+002  1.3100000e+002  5.6200000e+002  0.0000000e+000
  1.2500000e+002  1.3600000e+002  6.2100000e+002  0.0000000e+000
  1.0300000e+002  1.7200000e+002  6.2200000e+002  1.0000000e+000
  1.4400000e+002  1.7000000e+002  5.8300000e+002  1.0000000e+000
  1.3000000e+002  1.7000000e+002  6.3000000e+002  0.0000000e+000
  9.4000000e+001  1.6100000e+002  6.1400000e+002  1.0000000e+000
  1.3900000e+002  1.6700000e+002  5.6600000e+002  1.0000000e+000
  8.8000000e+001  1.9700000e+002  5.8800000e+002  1.0000000e+000
  1.2300000e+002  2.0300000e+002  5.3700000e+002  1.0000000e+000
  8.6000000e+001  2.0600000e+002  5.8300000e+002  0.0000000e+000
  1.2000000e+002  2.1200000e+002  5.3300000e+002  3.2451900e-001
  1.1300000e+002  2.2600000e+002  6.2800000e+002  1.0000000e+000
  1.4200000e+002  2.2800000e+002  6.0600000e+002  1.0000000e+000
  1.1300000e+002  2.7200000e+002  6.2600000e+002  0.0000000e+000
  1.3600000e+002  2.2600000e+002  6.9900000e+002  0.0000000e+000
  1.0200000e+002  2.8200000e+002  5.8800000e+002  0.0000000e+000
  1.4000000e+002  2.4400000e+002  6.8800000e+002  0.0000000e+000
  1.1600000e+002  1.0200000e+002  5.2700000e+002  1.0000000e+000
  9.7000000e+001  1.1700000e+002  5.9200000e+002  1.0000000e+000
  1.4000000e+002  1.1600000e+002  5.8100000e+002  1.0000000e+000
  1.1500000e+002  1.1700000e+002  5.6100000e+002  0.0000000e+000
  1.2300000e+002  1.2500000e+002  6.2200000e+002  0.0000000e+000
  1.0200000e+002  1.5700000e+002  6.3100000e+002  3.1730800e-001
  1.4500000e+002  1.5100000e+002  6.0900000e+002  7.5961500e-001
  1.2700000e+002  1.5100000e+002  6.5000000e+002  0.0000000e+000
  9.3000000e+001  1.5000000e+002  5.9500000e+002  1.0000000e+000
  1.4600000e+002  1.5000000e+002  5.7800000e+002  1.0000000e+000
  9.2000000e+001  1.8400000e+002  5.5800000e+002  1.0000000e+000
  1.2800000e+002  1.7200000e+002  5.2000000e+002  1.0000000e+000
  9.1000000e+001  1.9300000e+002  5.4900000e+002  0.0000000e+000
  1.2300000e+002  1.8000000e+002  5.1000000e+002  1.5625000e-001
  1.0700000e+002  2.1500000e+002  5.9100000e+002  1.0000000e+000
  1.4200000e+002  2.1200000e+002  5.8800000e+002  1.0000000e+000
  1.1400000e+002  2.5300000e+002  6.2100000e+002  1.0000000e+000
  1.3700000e+002  2.3200000e+002  6.5900000e+002  5.0048100e-001
  1.0500000e+002  2.6900000e+002  5.8300000e+002  0.0000000e+000
  1.4000000e+002  2.5000000e+002  6.3200000e+002  0.0000000e+000
  1.1700000e+002  8.2000000e+001  5.3800000e+002  1.0000000e+000
  9.7000000e+001  1.0800000e+002  5.8900000e+002  1.0000000e+000
  1.4100000e+002  1.0700000e+002  5.8700000e+002  1.0000000e+000
  1.1700000e+002  1.0700000e+002  5.6200000e+002  0.0000000e+000
  1.2200000e+002  1.1700000e+002  6.2200000e+002  0.0000000e+000
  1.0000000e+002  1.4900000e+002  6.1900000e+002  4.1346200e-001
  1.4600000e+002  1.4500000e+002  6.1200000e+002  1.0000000e+000
  1.2500000e+002  1.4200000e+002  6.4400000e+002  0.0000000e+000
  9.3000000e+001  1.4100000e+002  5.8300000e+002  1.0000000e+000
  1.5000000e+002  1.3900000e+002  5.9400000e+002  1.0000000e+000
  9.6000000e+001  1.7300000e+002  5.4300000e+002  1.0000000e+000
  1.4000000e+002  1.4300000e+002  5.2400000e+002  5.6730800e-001
  9.7000000e+001  1.8200000e+002  5.3400000e+002  0.0000000e+000
  1.3500000e+002  1.4900000e+002  5.1200000e+002  2.4038500e-001
  1.0600000e+002  2.0600000e+002  5.8200000e+002  1.0000000e+000
  1.4400000e+002  2.0400000e+002  5.8500000e+002  1.0000000e+000
  1.1600000e+002  2.2900000e+002  6.4900000e+002  1.0000000e+000
  1.3800000e+002  2.2900000e+002  6.4700000e+002  9.0985600e-001
  1.1100000e+002  2.4800000e+002  6.1900000e+002  0.0000000e+000
  1.4300000e+002  2.4700000e+002  6.1800000e+002  6.7308000e-002
  1.1700000e+002  7.0000000e+001  5.5100000e+002  1.0000000e+000
  9.7000000e+001  1.0100000e+002  5.8600000e+002  1.0000000e+000
  1.4100000e+002  1.0100000e+002  5.9700000e+002  1.0000000e+000
  1.1900000e+002  9.9000000e+001  5.6600000e+002  0.0000000e+000
  1.2000000e+002  1.1300000e+002  6.2300000e+002  0.0000000e+000
  1.0000000e+002  1.4400000e+002  6.0200000e+002  8.0769200e-001
  1.4700000e+002  1.4000000e+002  6.1800000e+002  1.0000000e+000
  1.2300000e+002  1.3800000e+002  6.3900000e+002  0.0000000e+000
  9.5000000e+001  1.3400000e+002  5.7400000e+002  1.0000000e+000
  1.5500000e+002  1.3000000e+002  5.9900000e+002  7.8461500e-001
  1.0200000e+002  1.5900000e+002  5.2300000e+002  1.0000000e+000
  1.4600000e+002  1.2200000e+002  5.3200000e+002  3.4615400e-001
  9.9000000e+001  1.6800000e+002  5.2300000e+002  6.9471200e-001
  1.4500000e+002  1.1600000e+002  5.1800000e+002  9.4711500e-001
  1.0700000e+002  2.0300000e+002  5.9100000e+002  1.0000000e+000
  1.4200000e+002  2.0000000e+002  5.9600000e+002  1.0000000e+000
  1.1700000e+002  2.2800000e+002  6.5400000e+002  1.0000000e+000
  1.3800000e+002  2.3000000e+002  6.4800000e+002  9.3485600e-001
  1.1100000e+002  2.4600000e+002  6.2200000e+002  2.1153800e-001
  1.4200000e+002  2.4700000e+002  6.1500000e+002  5.2885000e-002
  1.1700000e+002  6.2000000e+001  5.6200000e+002  1.0000000e+000
  9.7000000e+001  9.5000000e+001  5.8300000e+002  1.0000000e+000
  1.4000000e+002  9.5000000e+001  6.1200000e+002  1.0000000e+000
  1.2100000e+002  9.0000000e+001  5.7400000e+002  0.0000000e+000
  1.1700000e+002  1.0900000e+002  6.2300000e+002  0.0000000e+000
  9.9000000e+001  1.4000000e+002  5.8800000e+002  1.0000000e+000
  1.4600000e+002  1.3300000e+002  6.1800000e+002  1.0000000e+000
  1.2000000e+002  1.3300000e+002  6.3100000e+002  0.0000000e+000
  9.6000000e+001  1.2500000e+002  5.5900000e+002  1.0000000e+000
  1.5200000e+002  1.2000000e+002  5.8800000e+002  1.0000000e+000
  1.0800000e+002  1.4500000e+002  5.0700000e+002  1.0000000e+000
  1.5300000e+002  8.7000000e+001  5.6400000e+002  1.0000000e+000
  1.0800000e+002  1.5500000e+002  5.0600000e+002  1.0000000e+000
  1.5300000e+002  7.9000000e+001  5.6500000e+002  1.0000000e+000
  1.0800000e+002  1.9700000e+002  6.0300000e+002  1.0000000e+000
  1.4000000e+002  1.9400000e+002  6.0400000e+002  1.0000000e+000
  1.1700000e+002  2.3000000e+002  6.4900000e+002  1.0000000e+000
  1.3900000e+002  2.2900000e+002  6.4400000e+002  1.0000000e+000
  1.1600000e+002  2.4600000e+002  6.1200000e+002  8.6538000e-002
  1.4400000e+002  2.4400000e+002  6.0800000e+002  1.6346200e-001
  1.1800000e+002  5.6000000e+001  5.7600000e+002  1.0000000e+000
  9.8000000e+001  9.2000000e+001  5.8200000e+002  1.0000000e+000
  1.4000000e+002  9.4000000e+001  6.1700000e+002  1.0000000e+000
  1.2200000e+002  8.7000000e+001  5.7700000e+002  0.0000000e+000
  1.1600000e+002  1.0800000e+002  6.2300000e+002  0.0000000e+000
  9.9000000e+001  1.3900000e+002  5.8100000e+002  1.0000000e+000
  1.4500000e+002  1.3100000e+002  6.1900000e+002  1.0000000e+000
  1.1900000e+002  1.3200000e+002  6.2800000e+002  0.0000000e+000
  9.7000000e+001  1.2100000e+002  5.5500000e+002  1.0000000e+000
  1.5300000e+002  1.1400000e+002  5.8100000e+002  1.0000000e+000
  1.0600000e+002  1.4200000e+002  5.0300000e+002  1.0000000e+000
  1.5400000e+002  8.1000000e+001  5.8400000e+002  1.0000000e+000
  1.1200000e+002  1.5000000e+002  5.0300000e+002  1.0000000e+000
  1.5300000e+002  7.3000000e+001  5.9000000e+002  1.0000000e+000
  1.1000000e+002  1.9500000e+002  6.0600000e+002  1.0000000e+000
  1.3900000e+002  1.9200000e+002  6.0800000e+002  1.0000000e+000
  1.1600000e+002  2.3000000e+002  6.4800000e+002  1.0000000e+000
  1.3900000e+002  2.2900000e+002  6.4400000e+002  1.0000000e+000
  1.1900000e+002  2.4400000e+002  6.1000000e+002  1.0096200e-001
  1.4400000e+002  2.4200000e+002  6.0800000e+002  1.2500000e-001
  1.1900000e+002  5.5000000e+001  5.8600000e+002  1.0000000e+000
  9.8000000e+001  9.2000000e+001  5.8200000e+002  1.0000000e+000
  1.4000000e+002  9.3000000e+001  6.2100000e+002  1.0000000e+000
  1.2300000e+002  8.6000000e+001  5.8000000e+002  0.0000000e+000
  1.1600000e+002  1.0800000e+002  6.2300000e+002  0.0000000e+000
  1.0000000e+002  1.3700000e+002  5.7900000e+002  1.0000000e+000
  1.4600000e+002  1.3100000e+002  6.2100000e+002  1.0000000e+000
  1.1900000e+002  1.3200000e+002  6.2700000e+002  0.0000000e+000
  9.6000000e+001  1.2000000e+002  5.5500000e+002  1.0000000e+000
  1.5700000e+002  1.0200000e+002  5.7400000e+002  1.0000000e+000
  1.0600000e+002  1.4100000e+002  5.0500000e+002  1.0000000e+000
  1.5200000e+002  7.3000000e+001  5.9900000e+002  1.0000000e+000
  1.1000000e+002  1.4900000e+002  5.0500000e+002  1.0000000e+000
  1.4900000e+002  7.0000000e+001  6.1200000e+002  5.6009600e-001
  1.1200000e+002  1.9300000e+002  6.1000000e+002  1.0000000e+000
  1.3800000e+002  1.9100000e+002  6.1100000e+002  1.0000000e+000
  1.1500000e+002  2.3000000e+002  6.4600000e+002  1.0000000e+000
  1.3800000e+002  2.2900000e+002  6.4500000e+002  1.0000000e+000
  1.2000000e+002  2.4300000e+002  6.1100000e+002  1.4903800e-001
  1.4400000e+002  2.4200000e+002  6.0800000e+002  1.8269200e-001
  1.1900000e+002  5.4000000e+001  5.8900000e+002  9.7596200e-001
  9.7000000e+001  9.2000000e+001  5.8800000e+002  1.0000000e+000
  1.4000000e+002  9.3000000e+001  6.1400000e+002  1.0000000e+000
  1.2100000e+002  8.5000000e+001  5.7900000e+002  0.0000000e+000
  1.1800000e+002  1.0900000e+002  6.2200000e+002  0.0000000e+000
  9.8000000e+001  1.3700000e+002  5.8200000e+002  1.0000000e+000
  1.4600000e+002  1.3000000e+002  6.1100000e+002  1.0000000e+000
  1.2000000e+002  1.3100000e+002  6.2500000e+002  0.0000000e+000
  9.5000000e+001  1.2000000e+002  5.6300000e+002  1.0000000e+000
  1.5900000e+002  8.7000000e+001  5.6500000e+002  1.0000000e+000
  1.0300000e+002  1.4400000e+002  5.1700000e+002  1.0000000e+000
  1.4700000e+002  6.7000000e+001  6.0500000e+002  1.0000000e+000
  1.0100000e+002  1.5300000e+002  5.1400000e+002  1.0000000e+000
  1.4400000e+002  7.0000000e+001  6.2000000e+002  4.4230800e-001
  1.1300000e+002  1.9200000e+002  6.1300000e+002  1.0000000e+000
  1.3800000e+002  1.9000000e+002  6.1500000e+002  1.0000000e+000
  1.1400000e+002  2.3000000e+002  6.4500000e+002  1.0000000e+000
  1.3800000e+002  2.2800000e+002  6.4500000e+002  1.0000000e+000
  1.1700000e+002  2.4300000e+002  6.0700000e+002  1.1538500e-001
  1.4300000e+002  2.4100000e+002  6.0700000e+002  1.6346200e-001
  1.1900000e+002  5.5000000e+001  5.9800000e+002  1.0000000e+000
  9.8000000e+001  9.3000000e+001  5.9800000e+002  1.0000000e+000
  1.4000000e+002  9.1000000e+001  6.0600000e+002  1.0000000e+000
  1.1800000e+002  8.5000000e+001  5.8000000e+002  0.0000000e+000
  1.2000000e+002  1.0800000e+002  6.2300000e+002  0.0000000e+000
  9.9000000e+001  1.3600000e+002  5.9500000e+002  8.5576900e-001
  1.4700000e+002  1.3100000e+002  6.0100000e+002  1.0000000e+000
  1.2400000e+002  1.3000000e+002  6.2800000e+002  0.0000000e+000
  9.3000000e+001  1.2100000e+002  5.7400000e+002  1.0000000e+000
  1.5400000e+002  8.2000000e+001  5.5200000e+002  1.0000000e+000
  9.7000000e+001  1.4700000e+002  5.2900000e+002  1.0000000e+000
  1.4500000e+002  5.7000000e+001  5.8500000e+002  1.0000000e+000
  9.7000000e+001  1.5600000e+002  5.2800000e+002  1.0000000e+000
  1.4300000e+002  5.2000000e+001  5.9500000e+002  0.0000000e+000
  1.1300000e+002  1.9200000e+002  6.1300000e+002  1.0000000e+000
  1.3900000e+002  1.9000000e+002  6.1500000e+002  1.0000000e+000
  1.1500000e+002  2.3000000e+002  6.4500000e+002  1.0000000e+000
  1.3800000e+002  2.2800000e+002  6.4500000e+002  1.0000000e+000
  1.1300000e+002  2.4400000e+002  6.0600000e+002  2.0673100e-001
  1.3900000e+002  2.4200000e+002  6.0500000e+002  1.9230800e-001
  1.1900000e+002  5.5000000e+001  5.9900000e+002  7.8365400e-001
  9.9000000e+001  9.4000000e+001  6.1000000e+002  1.0000000e+000
  1.4000000e+002  9.0000000e+001  6.0100000e+002  7.6923100e-001
  1.1700000e+002  8.4000000e+001  5.8300000e+002  0.0000000e+000
  1.2300000e+002  1.0800000e+002  6.2500000e+002  0.0000000e+000
  1.0000000e+002  1.3500000e+002  6.0400000e+002  1.0000000e+000
  1.4700000e+002  1.3100000e+002  5.9500000e+002  1.0000000e+000
  1.2700000e+002  1.3000000e+002  6.2900000e+002  0.0000000e+000
  9.4000000e+001  1.2200000e+002  5.8900000e+002  1.0000000e+000
  1.4500000e+002  8.1000000e+001  5.3900000e+002  1.0000000e+000
  9.1000000e+001  1.5000000e+002  5.4700000e+002  1.0000000e+000
  1.4000000e+002  4.6000000e+001  5.4700000e+002  1.0000000e+000
  9.3000000e+001  1.5900000e+002  5.4300000e+002  1.0000000e+000
  1.4400000e+002  4.4000000e+001  5.6100000e+002  5.7692300e-001
  1.1400000e+002  1.9200000e+002  6.1600000e+002  1.0000000e+000
  1.3900000e+002  1.9000000e+002  6.1400000e+002  1.0000000e+000
  1.1500000e+002  2.3000000e+002  6.4700000e+002  1.0000000e+000
  1.3900000e+002  2.2800000e+002  6.4600000e+002  1.0000000e+000
  1.1100000e+002  2.4300000e+002  6.0700000e+002  1.3942300e-001
  1.3600000e+002  2.4100000e+002  6.0600000e+002  2.5000000e-001
  1.1700000e+002  5.5000000e+001  5.9800000e+002  1.0000000e+000
  1.0200000e+002  9.6000000e+001  6.2600000e+002  1.0000000e+000
  1.3700000e+002  9.1000000e+001  5.9100000e+002  7.6923100e-001
  1.1300000e+002  8.8000000e+001  5.8700000e+002  0.0000000e+000
  1.2600000e+002  1.0900000e+002  6.2900000e+002  0.0000000e+000
  1.0500000e+002  1.3400000e+002  6.2300000e+002  5.0961500e-001
  1.4600000e+002  1.3400000e+002  5.8400000e+002  1.0000000e+000
  1.3100000e+002  1.3100000e+002  6.3100000e+002  0.0000000e+000
  9.6000000e+001  1.2500000e+002  6.1000000e+002  1.0000000e+000
  1.3500000e+002  7.5000000e+001  5.3000000e+002  1.0000000e+000
  8.9000000e+001  1.5600000e+002  5.8300000e+002  1.0000000e+000
  1.2700000e+002  4.2000000e+001  4.8300000e+002  1.0000000e+000
  8.8000000e+001  1.6400000e+002  5.7600000e+002  1.0000000e+000
  1.2300000e+002  3.2000000e+001  4.7300000e+002  1.0000000e+000
  1.1600000e+002  1.9200000e+002  6.1700000e+002  1.0000000e+000
  1.4100000e+002  1.9100000e+002  6.1500000e+002  1.0000000e+000
  1.1600000e+002  2.3200000e+002  6.4100000e+002  1.0000000e+000
  1.3900000e+002  2.3000000e+002  6.4400000e+002  1.0000000e+000
  1.0600000e+002  2.4400000e+002  6.0400000e+002  0.0000000e+000
  1.3100000e+002  2.4200000e+002  6.0600000e+002  2.5000000e-001
  1.1300000e+002  5.6000000e+001  5.9100000e+002  1.0000000e+000
  1.0400000e+002  9.9000000e+001  6.2700000e+002  1.0000000e+000
  1.3600000e+002  9.3000000e+001  5.8200000e+002  7.9807700e-001
  1.1200000e+002  9.2000000e+001  5.8200000e+002  0.0000000e+000
  1.3000000e+002  1.0900000e+002  6.2700000e+002  0.0000000e+000
  1.0800000e+002  1.3500000e+002  6.3000000e+002  2.6923100e-001
  1.4700000e+002  1.3600000e+002  5.8100000e+002  1.0000000e+000
  1.3500000e+002  1.3300000e+002  6.3100000e+002  0.0000000e+000
  9.9000000e+001  1.2900000e+002  6.2700000e+002  1.0000000e+000
  1.3100000e+002  7.6000000e+001  5.2200000e+002  1.0000000e+000
  8.9000000e+001  1.5900000e+002  6.0800000e+002  1.0000000e+000
  1.1700000e+002  5.7000000e+001  4.5800000e+002  1.0000000e+000
  8.7000000e+001  1.6700000e+002  6.0200000e+002  6.2740400e-001
  1.1700000e+002  5.6000000e+001  4.4100000e+002  1.0000000e+000
  1.1700000e+002  1.9300000e+002  6.2000000e+002  1.0000000e+000
  1.4100000e+002  1.9300000e+002  6.1500000e+002  1.0000000e+000
  1.1600000e+002  2.3400000e+002  6.4100000e+002  1.0000000e+000
  1.3900000e+002  2.3100000e+002  6.4700000e+002  1.0000000e+000
  1.0400000e+002  2.4400000e+002  6.0500000e+002  0.0000000e+000
  1.2900000e+002  2.4200000e+002  6.1000000e+002  1.5384600e-001
  1.1100000e+002  5.8000000e+001  5.8700000e+002  1.0000000e+000
  1.0500000e+002  9.7000000e+001  6.2800000e+002  0.0000000e+000
  1.3700000e+002  9.4000000e+001  5.8300000e+002  0.0000000e+000
  1.1300000e+002  9.1000000e+001  5.8300000e+002  0.0000000e+000
  1.2900000e+002  1.0900000e+002  6.2900000e+002  0.0000000e+000
  1.0900000e+002  1.3500000e+002  6.3100000e+002  7.3076900e-001
  1.4800000e+002  1.3700000e+002  5.8100000e+002  1.0000000e+000
  1.3600000e+002  1.3300000e+002  6.3200000e+002  0.0000000e+000
  1.0200000e+002  1.2600000e+002  6.4100000e+002  1.0000000e+000
  1.2900000e+002  8.2000000e+001  5.2000000e+002  1.0000000e+000
  9.5000000e+001  1.5600000e+002  6.4000000e+002  1.0000000e+000
  1.1800000e+002  7.3000000e+001  4.5200000e+002  9.4230800e-001
  9.2000000e+001  1.6400000e+002  6.3700000e+002  7.6201900e-001
  1.1400000e+002  7.4000000e+001  4.3500000e+002  1.0000000e+000
  1.1700000e+002  1.9300000e+002  6.2200000e+002  1.0000000e+000
  1.4100000e+002  1.9300000e+002  6.1600000e+002  1.0000000e+000
  1.1700000e+002  2.3300000e+002  6.4400000e+002  1.0000000e+000
  1.3900000e+002  2.3200000e+002  6.4600000e+002  1.0000000e+000
  1.0500000e+002  2.4400000e+002  6.0800000e+002  0.0000000e+000
  1.2900000e+002  2.4300000e+002  6.1000000e+002  3.3654000e-002
  1.0900000e+002  5.8000000e+001  5.8800000e+002  9.3269200e-001
  1.0400000e+002  9.7000000e+001  6.2700000e+002  0.0000000e+000
  1.3700000e+002  9.3000000e+001  5.8000000e+002  0.0000000e+000
  1.1200000e+002  9.1000000e+001  5.8200000e+002  0.0000000e+000
  1.2900000e+002  1.0700000e+002  6.2800000e+002  0.0000000e+000
  1.0900000e+002  1.3400000e+002  6.3100000e+002  8.6538000e-002
  1.4700000e+002  1.3600000e+002  5.8000000e+002  1.0000000e+000
  1.3500000e+002  1.3200000e+002  6.3100000e+002  0.0000000e+000
  1.0500000e+002  1.2400000e+002  6.5400000e+002  9.0769200e-001
  1.2900000e+002  8.7000000e+001  5.1500000e+002  1.0000000e+000
  1.0300000e+002  1.5300000e+002  6.6800000e+002  1.0000000e+000
  1.1400000e+002  8.5000000e+001  4.4700000e+002  9.6153800e-001
  1.0100000e+002  1.5900000e+002  6.7600000e+002  8.7980800e-001
  1.0800000e+002  8.7000000e+001  4.3200000e+002  1.0000000e+000
  1.1600000e+002  1.9200000e+002  6.2200000e+002  1.0000000e+000
  1.4100000e+002  1.9200000e+002  6.1700000e+002  1.0000000e+000
  1.1700000e+002  2.3200000e+002  6.4500000e+002  1.0000000e+000
  1.4000000e+002  2.3100000e+002  6.4700000e+002  1.0000000e+000
  1.0400000e+002  2.4300000e+002  6.0900000e+002  0.0000000e+000
  1.2900000e+002  2.4200000e+002  6.1200000e+002  1.0576900e-001
  1.0900000e+002  5.7000000e+001  5.8200000e+002  1.0000000e+000
  1.0300000e+002  9.9000000e+001  6.2200000e+002  0.0000000e+000
  1.3800000e+002  9.3000000e+001  5.8100000e+002  0.0000000e+000
  1.1200000e+002  9.3000000e+001  5.7900000e+002  0.0000000e+000
  1.2900000e+002  1.0800000e+002  6.2700000e+002  0.0000000e+000
  1.0700000e+002  1.3600000e+002  6.2700000e+002  0.0000000e+000
  1.4700000e+002  1.3700000e+002  5.8300000e+002  1.0000000e+000
  1.3400000e+002  1.3300000e+002  6.3200000e+002  0.0000000e+000
  1.0600000e+002  1.2400000e+002  6.5900000e+002  5.5384600e-001
  1.3200000e+002  9.1000000e+001  5.1500000e+002  1.0000000e+000
  1.0500000e+002  1.5300000e+002  6.7500000e+002  1.0000000e+000
  1.1500000e+002  9.1000000e+001  4.4800000e+002  1.0000000e+000
  1.0500000e+002  1.5800000e+002  6.8400000e+002  2.4038500e-001
  1.0900000e+002  9.4000000e+001  4.3300000e+002  1.0000000e+000
  1.1600000e+002  1.9300000e+002  6.2300000e+002  1.0000000e+000
  1.4000000e+002  1.9300000e+002  6.1800000e+002  1.0000000e+000
  1.1600000e+002  2.3400000e+002  6.4300000e+002  1.0000000e+000
  1.3900000e+002  2.3200000e+002  6.4700000e+002  1.0000000e+000
  1.0500000e+002  2.4400000e+002  6.0700000e+002  0.0000000e+000
  1.2900000e+002  2.4300000e+002  6.1100000e+002  9.1346000e-002
  1.1100000e+002  5.7000000e+001  5.8000000e+002  1.0000000e+000
  1.0700000e+002  9.5000000e+001  6.2600000e+002  0.0000000e+000
  1.4100000e+002  9.0000000e+001  5.7900000e+002  1.0000000e+000
  1.1500000e+002  8.8000000e+001  5.8100000e+002  0.0000000e+000
  1.3200000e+002  1.0600000e+002  6.2500000e+002  0.0000000e+000
  1.0800000e+002  1.3400000e+002  6.3000000e+002  0.0000000e+000
  1.4600000e+002  1.3700000e+002  5.7900000e+002  1.0000000e+000
  1.3500000e+002  1.3200000e+002  6.3000000e+002  0.0000000e+000
  1.0500000e+002  1.2100000e+002  6.5700000e+002  3.0769200e-001
  1.3700000e+002  9.9000000e+001  5.1700000e+002  9.2307700e-001
  1.0700000e+002  1.5000000e+002  6.6800000e+002  6.8269200e-001
  1.1700000e+002  1.0000000e+002  4.5100000e+002  1.0000000e+000
  1.0600000e+002  1.5600000e+002  6.7600000e+002  1.5625000e-001
  1.1000000e+002  1.0400000e+002  4.3800000e+002  1.0000000e+000
  1.1600000e+002  1.9200000e+002  6.2300000e+002  1.0000000e+000
  1.4000000e+002  1.9200000e+002  6.1700000e+002  1.0000000e+000
  1.1500000e+002  2.3300000e+002  6.4100000e+002  1.0000000e+000
  1.3900000e+002  2.3100000e+002  6.4700000e+002  1.0000000e+000
  1.0300000e+002  2.4300000e+002  6.0500000e+002  0.0000000e+000
  1.2800000e+002  2.4200000e+002  6.1200000e+002  1.0576900e-001
  1.1100000e+002  5.5000000e+001  5.8100000e+002  1.0000000e+000
  1.0800000e+002  9.5000000e+001  6.3300000e+002  1.0000000e+000
  1.4100000e+002  8.9000000e+001  5.8400000e+002  1.0000000e+000
  1.1600000e+002  8.6000000e+001  5.8900000e+002  0.0000000e+000
  1.3200000e+002  1.0700000e+002  6.2800000e+002  0.0000000e+000
  1.0800000e+002  1.3100000e+002  6.3000000e+002  0.0000000e+000
  1.4500000e+002  1.3600000e+002  5.7600000e+002  1.0000000e+000
  1.3500000e+002  1.3100000e+002  6.2800000e+002  0.0000000e+000
  1.0500000e+002  1.2300000e+002  6.5600000e+002  3.0769200e-001
  1.4600000e+002  1.1200000e+002  5.3800000e+002  1.0000000e+000
  1.0300000e+002  1.5300000e+002  6.5800000e+002  1.0000000e+000
  1.2400000e+002  1.2100000e+002  4.7900000e+002  1.0000000e+000
  1.0300000e+002  1.6000000e+002  6.6000000e+002  3.4134600e-001
  1.1800000e+002  1.2600000e+002  4.6600000e+002  1.0000000e+000
  1.1600000e+002  1.9000000e+002  6.2100000e+002  1.0000000e+000
  1.4000000e+002  1.9100000e+002  6.1600000e+002  1.0000000e+000
  1.1500000e+002  2.3100000e+002  6.4100000e+002  1.0000000e+000
  1.3900000e+002  2.2900000e+002  6.4600000e+002  1.0000000e+000
  1.0200000e+002  2.4100000e+002  6.0600000e+002  0.0000000e+000
  1.2800000e+002  2.4000000e+002  6.1100000e+002  1.5384600e-001
  1.1300000e+002  5.6000000e+001  5.8000000e+002  1.0000000e+000
  1.0800000e+002  9.4000000e+001  6.3300000e+002  1.0000000e+000
  1.4100000e+002  9.0000000e+001  5.8700000e+002  1.0000000e+000
  1.1600000e+002  8.6000000e+001  5.9000000e+002  0.0000000e+000
  1.3100000e+002  1.0700000e+002  6.2900000e+002  0.0000000e+000
  1.0700000e+002  1.3200000e+002  6.2900000e+002  0.0000000e+000
  1.4500000e+002  1.3500000e+002  5.7800000e+002  1.0000000e+000
  1.3400000e+002  1.3100000e+002  6.2900000e+002  0.0000000e+000
  1.0500000e+002  1.2300000e+002  6.4800000e+002  5.0769200e-001
  1.4900000e+002  1.1700000e+002  5.5600000e+002  1.0000000e+000
  1.0100000e+002  1.5400000e+002  6.4300000e+002  1.0000000e+000
  1.3200000e+002  1.3700000e+002  5.0200000e+002  1.0000000e+000
  1.0000000e+002  1.6200000e+002  6.4300000e+002  5.0961500e-001
  1.2900000e+002  1.4600000e+002  4.9500000e+002  1.0000000e+000
  1.1500000e+002  1.9100000e+002  6.2000000e+002  1.0000000e+000
  1.4000000e+002  1.9100000e+002  6.1700000e+002  1.0000000e+000
  1.1600000e+002  2.3100000e+002  6.4200000e+002  1.0000000e+000
  1.3900000e+002  2.3000000e+002  6.4400000e+002  1.0000000e+000
  1.0400000e+002  2.4100000e+002  6.0600000e+002  0.0000000e+000
  1.2800000e+002  2.4100000e+002  6.0800000e+002  1.1538500e-001
  1.1300000e+002  5.6000000e+001  5.8000000e+002  1.0000000e+000
  1.0600000e+002  9.5000000e+001  6.3000000e+002  1.0000000e+000
  1.4200000e+002  9.0000000e+001  5.9000000e+002  1.0000000e+000
  1.1700000e+002  8.6000000e+001  5.8900000e+002  0.0000000e+000
  1.3000000e+002  1.0800000e+002  6.2900000e+002  0.0000000e+000
  1.0600000e+002  1.3200000e+002  6.2500000e+002  5.7692000e-002
  1.4600000e+002  1.3500000e+002  5.8100000e+002  1.0000000e+000
  1.3300000e+002  1.3100000e+002  6.3000000e+002  0.0000000e+000
  1.0300000e+002  1.2500000e+002  6.4400000e+002  9.0769200e-001
  1.5000000e+002  1.2000000e+002  5.7300000e+002  1.0000000e+000
  9.5000000e+001  1.5600000e+002  6.2800000e+002  1.0000000e+000
  1.4300000e+002  1.5000000e+002  5.3100000e+002  1.0000000e+000
  9.8000000e+001  1.6300000e+002  6.2300000e+002  3.7500000e-001
  1.4100000e+002  1.5900000e+002  5.2900000e+002  1.0000000e+000
  1.1500000e+002  1.9100000e+002  6.2100000e+002  1.0000000e+000
  1.4000000e+002  1.9100000e+002  6.1700000e+002  1.0000000e+000
  1.1600000e+002  2.3100000e+002  6.4200000e+002  1.0000000e+000
  1.3700000e+002  2.3000000e+002  6.4300000e+002  1.0000000e+000
  1.0500000e+002  2.4200000e+002  6.0500000e+002  0.0000000e+000
  1.2800000e+002  2.4100000e+002  6.0600000e+002  0.0000000e+000
  1.1500000e+002  5.6000000e+001  5.8100000e+002  1.0000000e+000
  1.0500000e+002  9.6000000e+001  6.2300000e+002  1.0000000e+000
  1.4400000e+002  9.0000000e+001  5.9600000e+002  1.0000000e+000
  1.1900000e+002  8.7000000e+001  5.8700000e+002  0.0000000e+000
  1.3000000e+002  1.0900000e+002  6.3000000e+002  0.0000000e+000
  1.0400000e+002  1.3300000e+002  6.1700000e+002  5.3846200e-001
  1.4800000e+002  1.3500000e+002  5.8800000e+002  1.0000000e+000
  1.3100000e+002  1.3100000e+002  6.3100000e+002  0.0000000e+000
  1.0100000e+002  1.2500000e+002  6.3700000e+002  1.0000000e+000
  1.5300000e+002  1.2100000e+002  5.8900000e+002  1.0000000e+000
  9.1000000e+001  1.5600000e+002  6.0900000e+002  1.0000000e+000
  1.5500000e+002  1.5500000e+002  5.7700000e+002  1.0000000e+000
  9.1000000e+001  1.6300000e+002  6.0200000e+002  2.5721200e-001
  1.5700000e+002  1.6300000e+002  5.7900000e+002  1.0000000e+000
  1.1500000e+002  1.9100000e+002  6.2100000e+002  1.0000000e+000
  1.3900000e+002  1.9100000e+002  6.1800000e+002  1.0000000e+000
  1.1600000e+002  2.3100000e+002  6.4400000e+002  1.0000000e+000
  1.3800000e+002  2.3000000e+002  6.4600000e+002  1.0000000e+000
  1.0800000e+002  2.4300000e+002  6.0500000e+002  0.0000000e+000
  1.3200000e+002  2.4200000e+002  6.0700000e+002  1.8269200e-001
  1.1700000e+002  5.6000000e+001  5.8100000e+002  1.0000000e+000
  1.0500000e+002  9.6000000e+001  6.2000000e+002  1.0000000e+000
  1.4400000e+002  9.0000000e+001  5.9900000e+002  1.0000000e+000
  1.1900000e+002  8.6000000e+001  5.8700000e+002  0.0000000e+000
  1.2900000e+002  1.0800000e+002  6.3200000e+002  0.0000000e+000
  1.0400000e+002  1.3300000e+002  6.1400000e+002  1.0000000e+000
  1.4900000e+002  1.3400000e+002  5.9100000e+002  1.0000000e+000
  1.3000000e+002  1.3100000e+002  6.3200000e+002  0.0000000e+000
  9.9000000e+001  1.2600000e+002  6.3100000e+002  1.0000000e+000
  1.5400000e+002  1.2000000e+002  5.9900000e+002  1.0000000e+000
  9.0000000e+001  1.5600000e+002  6.0300000e+002  1.0000000e+000
  1.6000000e+002  1.5400000e+002  6.0000000e+002  1.0000000e+000
  8.7000000e+001  1.6400000e+002  5.9700000e+002  1.7307700e-001
  1.6200000e+002  1.6100000e+002  6.0600000e+002  9.8076900e-001
  1.1600000e+002  1.9100000e+002  6.2000000e+002  1.0000000e+000
  1.3900000e+002  1.9100000e+002  6.1900000e+002  1.0000000e+000
  1.1500000e+002  2.3200000e+002  6.4200000e+002  1.0000000e+000
  1.3800000e+002  2.3000000e+002  6.4500000e+002  1.0000000e+000
  1.0800000e+002  2.4300000e+002  6.0300000e+002  0.0000000e+000
  1.3300000e+002  2.4200000e+002  6.0500000e+002  1.4903800e-001
  1.1700000e+002  5.6000000e+001  5.8100000e+002  1.0000000e+000
  1.0400000e+002  9.5000000e+001  6.1800000e+002  1.0000000e+000
  1.4400000e+002  9.0000000e+001  6.0200000e+002  1.0000000e+000
  1.2000000e+002  8.6000000e+001  5.8700000e+002  0.0000000e+000
  1.2900000e+002  1.0800000e+002  6.3200000e+002  0.0000000e+000
  1.0300000e+002  1.3300000e+002  6.1200000e+002  1.0000000e+000
  1.4900000e+002  1.3300000e+002  5.9500000e+002  1.0000000e+000
  1.3000000e+002  1.3100000e+002  6.3300000e+002  0.0000000e+000
  1.0000000e+002  1.2500000e+002  6.3000000e+002  1.0000000e+000
  1.5500000e+002  1.2000000e+002  6.1100000e+002  1.0000000e+000
  9.0000000e+001  1.5600000e+002  6.0200000e+002  1.0000000e+000
  1.6400000e+002  1.5300000e+002  6.1000000e+002  1.0000000e+000
  8.7000000e+001  1.6400000e+002  5.9700000e+002  8.8942000e-002
  1.6400000e+002  1.5900000e+002  6.1900000e+002  7.4519200e-001
  1.1500000e+002  1.9100000e+002  6.2000000e+002  1.0000000e+000
  1.4000000e+002  1.9000000e+002  6.2000000e+002  1.0000000e+000
  1.1600000e+002  2.3100000e+002  6.4400000e+002  1.0000000e+000
  1.3800000e+002  2.3000000e+002  6.4500000e+002  1.0000000e+000
  1.1000000e+002  2.4300000e+002  6.0400000e+002  0.0000000e+000
  1.3400000e+002  2.4200000e+002  6.0500000e+002  1.8750000e-001
  1.1800000e+002  5.6000000e+001  5.8000000e+002  1.0000000e+000
  1.0400000e+002  9.4000000e+001  6.1500000e+002  1.0000000e+000
  1.4600000e+002  9.1000000e+001  6.0700000e+002  1.0000000e+000
  1.2200000e+002  8.6000000e+001  5.8800000e+002  0.0000000e+000
  1.2800000e+002  1.0800000e+002  6.3400000e+002  0.0000000e+000
  1.0300000e+002  1.3400000e+002  6.1000000e+002  1.0000000e+000
  1.5000000e+002  1.3300000e+002  6.0000000e+002  1.0000000e+000
  1.2900000e+002  1.3100000e+002  6.3500000e+002  0.0000000e+000
  9.9000000e+001  1.2500000e+002  6.2700000e+002  1.0000000e+000
  1.5500000e+002  1.2100000e+002  6.2400000e+002  1.0000000e+000
  9.2000000e+001  1.5700000e+002  6.0100000e+002  1.0000000e+000
  1.6600000e+002  1.5200000e+002  6.1800000e+002  1.0000000e+000
  9.0000000e+001  1.6500000e+002  5.9600000e+002  5.5288000e-002
  1.6600000e+002  1.5900000e+002  6.2200000e+002  8.4615400e-001
  1.1600000e+002  1.9100000e+002  6.2100000e+002  1.0000000e+000
  1.3900000e+002  1.9000000e+002  6.2000000e+002  1.0000000e+000
  1.1700000e+002  2.3100000e+002  6.4500000e+002  1.0000000e+000
  1.3900000e+002  2.2900000e+002  6.4700000e+002  1.0000000e+000
  1.1200000e+002  2.4300000e+002  6.0400000e+002  0.0000000e+000
  1.3600000e+002  2.4200000e+002  6.0600000e+002  1.3461500e-001
  1.1900000e+002  5.6000000e+001  5.8000000e+002  1.0000000e+000
